67 703 1
202 703 2
337 703 3
472 703 4
606 703 5
741 703 3
876 703 2
1011 703 1
67 838 6
202 838 6
337 838 6
472 838 6
606 838 6
741 838 6
876 838 6
1011 838 6
67 973 -1
202 973 -1
337 973 -1
472 973 -1
606 973 -1
741 973 -1
876 973 -1
1011 973 -1
67 1108 -1
202 1108 -1
337 1108 -1
472 1108 -1
606 1108 -1
741 1108 -1
876 1108 -1
1011 1108 -1
67 1242 -1
202 1242 -1
337 1242 -1
472 1242 -1
606 1242 -1
741 1242 -1
876 1242 -1
1011 1242 -1
67 1377 -1
202 1377 -1
337 1377 -1
472 1377 -1
606 1377 -1
741 1377 -1
876 1377 -1
1011 1377 -1
67 1512 7
202 1512 7
337 1512 7
472 1512 7
606 1512 7
741 1512 7
876 1512 7
1011 1512 7
67 1647 8
202 1647 9
337 1647 10
472 1647 11
606 1647 12
741 1647 10
876 1647 9
1011 1647 8
