168 969 1
308 969 2
449 969 3
589 969 4
729 969 1
869 969 4
1010 969 4
1150 969 3
168 1124 3
308 1124 2
449 1124 3
589 1124 1
729 1124 1
869 1124 3
1010 1124 2
1150 1124 4
168 1279 4
308 1279 3
449 1279 2
589 1279 4
729 1279 4
869 1279 2
1010 1279 2
1150 1279 4
168 1434 1
308 1434 3
449 1434 4
589 1434 2
729 1434 3
869 1434 3
1010 1434 1
1150 1434 3
168 1589 4
308 1589 5
449 1589 3
589 1589 4
729 1589 4
869 1589 1
1010 1589 2
1150 1589 4
168 1744 3
308 1744 3
449 1744 1
589 1744 6
729 1744 5
869 1744 3
1010 1744 7
1150 1744 3
168 1899 2
308 1899 3
449 1899 8
589 1899 3
729 1899 2
869 1899 4
1010 1899 3
1150 1899 2
