67 956 1
201 956 2
335 956 3
469 956 4
603 956 5
737 956 3
871 956 2
1005 956 1
-------------------------------------------------
67 1089 6
201 1089 6
335 1089 6
469 1089 
603 1089 6
737 1089 6
871 1089 6
1005 1089 6
-------------------------------------------------
67 1222 
201 1222 
335 1222 
469 1222 
603 1222 
737 1222 
871 1222 
1005 1222 
-------------------------------------------------
67 1355 
201 1355 
335 1355 
469 1355 6
603 1355 
737 1355 
871 1355 
1005 1355 
-------------------------------------------------
67 1488 
201 1488 
335 1488 
469 1488 
603 1488 
737 1488 
871 1488 
1005 1488 
-------------------------------------------------
67 1621 
201 1621 
335 1621 
469 1621 
603 1621 
737 1621 
871 1621 
1005 1621 
-------------------------------------------------
67 1754 7
201 1754 7
335 1754 7
469 1754 7
603 1754 7
737 1754 7
871 1754 7
1005 1754 7
-------------------------------------------------
67 1887 8
201 1887 9
335 1887 10
469 1887 11
603 1887 12
737 1887 10
871 1887 9
1005 1887 8
-------------------------------------------------
