67 955 1
202 955 -1
337 955 -1
472 955 -1
606 955 2
741 955 -1
876 955 3
1011 955 1
67 1090 4
202 1090 4
337 1090 4
472 1090 -1
606 1090 -1
741 1090 4
876 1090 4
1011 1090 4
67 1225 -1
202 1225 -1
337 1225 3
472 1225 -1
606 1225 -1
741 1225 -1
876 1225 -1
1011 1225 -1
67 1360 -1
202 1360 -1
337 1360 -1
472 1360 5
606 1360 -1
741 1360 -1
876 1360 -1
1011 1360 -1
67 1496 -1
202 1496 6
337 1496 -1
472 1496 7
606 1496 -1
741 1496 -1
876 1496 -1
1011 1496 -1
67 1631 -1
202 1631 -1
337 1631 -1
472 1631 -1
606 1631 -1
741 1631 7
876 1631 7
1011 1631 6
67 1766 7
202 1766 -1
337 1766 7
472 1766 8
606 1766 -1
741 1766 7
876 1766 -1
1011 1766 7
67 1901 9
202 1901 -1
337 1901 -1
472 1901 10
606 1901 11
741 1901 9
876 1901 -1
1011 1901 -1
