67 955 1
202 955 -1
337 955 -1
472 955 2
606 955 -1
741 955 3
876 955 -1
1011 955 1
67 1090 4
202 1090 4
337 1090 4
472 1090 -1
606 1090 -1
741 1090 4
876 1090 4
1011 1090 -1
67 1225 -1
202 1225 -1
337 1225 -1
472 1225 -1
606 1225 -1
741 1225 5
876 1225 -1
1011 1225 4
67 1360 -1
202 1360 -1
337 1360 -1
472 1360 6
606 1360 4
741 1360 -1
876 1360 -1
1011 1360 -1
67 1496 -1
202 1496 5
337 1496 -1
472 1496 -1
606 1496 -1
741 1496 -1
876 1496 3
1011 1496 -1
67 1631 6
202 1631 7
337 1631 -1
472 1631 6
606 1631 -1
741 1631 -1
876 1631 -1
1011 1631 8
67 1766 -1
202 1766 -1
337 1766 -1
472 1766 9
606 1766 6
741 1766 6
876 1766 10
1011 1766 6
67 1901 11
202 1901 -1
337 1901 10
472 1901 -1
606 1901 12
741 1901 -1
876 1901 -1
1011 1901 11
