749 1495 [0, 122, 255]
749 1735 [0, 122, 255]
749 1615 [0, 122, 255]
749 1375 [0, 122, 255]
224 843 tube
224 935 [239, 51, 0]
224 1055 [239, 51, 0]
329 1523 tube
329 1495 [114, 226, 0]
329 1615 [114, 226, 0]
329 1735 [114, 226, 0]
434 843 tube
434 815 [255, 138, 0]
434 935 [255, 138, 0]
434 1055 [255, 138, 0]
539 1523 tube
539 1495 [255, 226, 0]
539 1615 [255, 226, 0]
539 1735 [255, 226, 0]
644 843 tube
644 935 [255, 138, 0]
644 1055 [239, 51, 0]
854 843 tube
854 815 [114, 226, 0]
854 935 [239, 51, 0]
854 1055 [255, 226, 0]
