224 1523 tube
224 1375 [198, 173, 255]
224 1495 [114, 226, 0]
224 1615 [255, 138, 0]
224 1735 [114, 226, 0]
224 843 tube
224 695 [239, 51, 0]
224 815 [0, 122, 255]
224 935 [239, 51, 0]
224 1055 [239, 51, 0]
434 843 tube
434 695 [255, 226, 0]
434 815 [198, 173, 255]
434 935 [0, 122, 255]
434 1055 [114, 226, 0]
434 1523 tube
434 1375 [0, 122, 255]
434 1495 [198, 173, 255]
434 1615 [255, 226, 0]
434 1735 [0, 122, 255]
644 843 tube
644 695 [255, 138, 0]
644 815 [255, 138, 0]
644 935 [198, 173, 255]
644 1055 [255, 138, 0]
644 1524 tube
854 843 tube
854 695 [239, 51, 0]
854 815 [114, 226, 0]
854 935 [255, 226, 0]
854 1055 [255, 226, 0]
854 1523 tube
