854 1735 [239, 51, 0]
854 1495 [239, 51, 0]
854 1375 [239, 51, 0]
644 1375 [0, 122, 255]
854 1615 [239, 51, 0]
644 1735 [0, 122, 255]
644 1615 [0, 122, 255]
644 1495 [0, 122, 255]
434 1055 [114, 226, 0]
854 935 [255, 226, 0]
434 935 [114, 226, 0]
854 815 [255, 226, 0]
434 815 [114, 226, 0]
854 695 [255, 226, 0]
434 695 [114, 226, 0]
854 1055 [255, 226, 0]
224 1523 tube
224 843 tube
224 815 [198, 173, 255]
224 935 [198, 173, 255]
224 1055 [198, 173, 255]
434 1523 tube
434 1735 [255, 138, 0]
644 843 tube
644 695 [255, 138, 0]
644 815 [255, 138, 0]
644 935 [198, 173, 255]
644 1055 [255, 138, 0]
