224 843 tube
224 1055 [227, 53, 0]
329 1523 tube
329 1375 [237, 138, 0]
329 1495 [237, 138, 0]
329 1615 [227, 53, 0]
329 1735 [237, 138, 0]
434 843 tube
434 815 [0, 191, 247]
434 935 [0, 191, 247]
434 1055 [0, 191, 247]
539 1523 tube
539 1615 [109, 230, 0]
539 1735 [109, 230, 0]
644 843 tube
644 695 [227, 53, 0]
644 815 [237, 138, 0]
644 935 [227, 53, 0]
644 1055 [255, 249, 0]
749 1523 tube
749 1615 [255, 249, 0]
749 1735 [255, 249, 0]
854 843 tube
854 695 [109, 230, 0]
854 815 [0, 191, 247]
854 935 [255, 249, 0]
854 1055 [109, 230, 0]
