854 1735 [239, 51, 0]
854 1495 [239, 51, 0]
854 1375 [239, 51, 0]
854 1615 [239, 51, 0]
224 1523 tube
224 1375 [114, 226, 0]
224 1495 [114, 226, 0]
224 1615 [255, 138, 0]
224 1735 [114, 226, 0]
224 843 tube
434 843 tube
434 815 [198, 173, 255]
434 935 [0, 122, 255]
434 1055 [114, 226, 0]
434 1523 tube
434 1375 [198, 173, 255]
434 1495 [198, 173, 255]
434 1615 [255, 226, 0]
434 1735 [0, 122, 255]
644 843 tube
644 695 [255, 138, 0]
644 815 [255, 138, 0]
644 935 [198, 173, 255]
644 1055 [255, 138, 0]
644 1524 tube
644 1615 [0, 122, 255]
644 1735 [0, 122, 255]
854 843 tube
854 815 [255, 226, 0]
854 935 [255, 226, 0]
854 1055 [255, 226, 0]
