644 1055 [241, 241, 241]
644 935 [241, 241, 241]
644 815 [241, 241, 241]
644 695 [241, 241, 241]
224 1523 tube
224 1495 [255, 199, 1]
224 1615 [0, 178, 254]
224 1735 [146, 245, 0]
224 843 tube
224 695 [0, 178, 254]
224 815 [0, 178, 254]
224 935 [0, 178, 254]
224 1055 [254, 105, 1]
434 843 tube
434 695 [255, 199, 1]
434 815 [255, 199, 1]
434 935 [255, 199, 1]
434 1055 [254, 105, 1]
434 1523 tube
434 1735 [255, 251, 0]
644 1524 tube
644 1615 [254, 105, 1]
644 1735 [254, 105, 1]
854 843 tube
854 815 [255, 251, 0]
854 935 [255, 251, 0]
854 1055 [255, 251, 0]
854 1523 tube
854 1495 [146, 245, 0]
854 1615 [146, 245, 0]
854 1735 [146, 245, 0]
