271 844 tube
271 668 [226, 52, 0]
271 770 [226, 52, 0]
271 872 [0, 190, 247]
271 974 [237, 137, 0]
271 1076 [255, 249, 1]
361 1525 tube
361 1348 [108, 230, 0]
361 1450 [226, 52, 0]
361 1552 [108, 230, 0]
361 1654 [226, 52, 0]
361 1756 [237, 137, 0]
450 844 tube
450 668 [226, 52, 0]
450 770 [255, 249, 1]
450 872 [0, 190, 247]
450 974 [255, 249, 1]
450 1076 [108, 230, 0]
539 1524 tube
628 844 tube
628 668 [0, 190, 247]
628 770 [237, 137, 0]
628 872 [237, 137, 0]
628 974 [0, 190, 247]
628 1076 [237, 137, 0]
718 1525 tube
807 845 tube
807 668 [108, 230, 0]
807 770 [255, 249, 1]
807 872 [108, 230, 0]
807 974 [0, 190, 247]
807 1076 [255, 249, 1]
