224 1523 tube
224 1375 [0, 149, 255]
224 1495 [0, 149, 255]
224 1614 [0, 149, 255]
224 1735 [255, 246, 0]
224 843 tube
224 935 [255, 168, 0]
224 1055 [255, 168, 0]
434 843 tube
434 815 [255, 56, 0]
434 934 [0, 149, 255]
434 1055 [255, 56, 0]
434 1523 tube
434 1375 [255, 56, 0]
434 1494 [219, 57, 247]
434 1615 [255, 168, 0]
434 1734 [219, 57, 247]
644 843 tube
644 935 [255, 168, 0]
644 1055 [97, 233, 0]
644 1524 tube
644 1495 [255, 246, 0]
644 1615 [255, 246, 0]
644 1735 [255, 246, 0]
854 843 tube
854 814 [219, 57, 247]
854 934 [219, 57, 247]
854 1055 [255, 56, 0]
854 1523 tube
854 1495 [97, 233, 0]
854 1615 [97, 233, 0]
854 1735 [97, 233, 0]
