539 1756 [227, 52, 0]
539 1654 [227, 52, 0]
539 1552 [227, 52, 0]
539 1450 [227, 52, 0]
539 1348 [227, 52, 0]
271 844 tube
271 668 [0, 190, 247]
271 770 [0, 190, 247]
271 872 [0, 190, 247]
271 974 [237, 137, 0]
271 1076 [255, 249, 1]
361 1525 tube
361 1552 [237, 137, 0]
361 1654 [237, 137, 0]
361 1756 [237, 137, 0]
450 844 tube
450 770 [255, 249, 1]
450 872 [255, 249, 1]
450 974 [255, 249, 1]
450 1076 [108, 230, 0]
628 844 tube
628 974 [0, 190, 247]
628 1076 [237, 137, 0]
718 1525 tube
718 1450 [108, 230, 0]
718 1552 [108, 230, 0]
718 1654 [108, 230, 0]
718 1756 [108, 230, 0]
807 845 tube
807 974 [0, 190, 247]
807 1076 [255, 249, 1]
