90 740 1
218 740 2
346 740 3
474 740 4
602 740 5
730 740 3
858 740 2
986 740 1
-------------------------------------------------
90 868 6
218 868 6
346 868 6
474 868 6
602 868 6
730 868 6
858 868 6
986 868 6
-------------------------------------------------
90 996 
218 996 7
346 996 7
474 996 7
602 996 7
730 996 7
858 996 7
986 996 7
-------------------------------------------------
90 1124 
218 1124 7
346 1124 7
474 1124 7
602 1124 8
730 1124 7
858 1124 8
986 1124 7
-------------------------------------------------
90 1252 
218 1252 7
346 1252 7
474 1252 7
602 1252 7
730 1252 7
858 1252 7
986 1252 7
-------------------------------------------------
90 1380 
218 1380 7
346 1380 7
474 1380 7
602 1380 7
730 1380 7
858 1380 7
986 1380 7
-------------------------------------------------
90 1508 9
218 1508 9
346 1508 9
474 1508 9
602 1508 9
730 1508 9
858 1508 9
986 1508 9
-------------------------------------------------
90 1636 10
218 1636 11
346 1636 12
474 1636 13
602 1636 
730 1636 14
858 1636 11
986 1636 10
-------------------------------------------------
