115 878 
251 878 1
387 878 2
523 878 3
659 878 4
795 878 5
931 878 3
1067 878 2
1203 878 
-------------------------------------------------
115 1014 2
251 1014 1
387 1014 5
523 1014 3
659 1014 2
795 1014 1
931 1014 3
1067 1014 1
1203 1014 3
-------------------------------------------------
115 1150 2
251 1150 5
387 1150 3
523 1150 1
659 1150 1
795 1150 5
931 1150 1
1067 1150 2
1203 1150 5
-------------------------------------------------
115 1286 6
251 1286 1
387 1286 2
523 1286 7
659 1286 2
795 1286 2
931 1286 5
1067 1286 5
1203 1286 3
-------------------------------------------------
115 1422 3
251 1422 5
387 1422 5
523 1422 1
659 1422 1
795 1422 2
931 1422 2
1067 1422 3
1203 1422 2
-------------------------------------------------
115 1558 1
251 1558 5
387 1558 1
523 1558 3
659 1558 2
795 1558 5
931 1558 5
1067 1558 2
1203 1558 6
-------------------------------------------------
115 1694 2
251 1694 2
387 1694 1
523 1694 5
659 1694 5
795 1694 3
931 1694 2
1067 1694 2
1203 1694 3
-------------------------------------------------
115 1830 6
251 1830 5
387 1830 8
523 1830 5
659 1830 3
795 1830 9
931 1830 3
1067 1830 5
1203 1830 8
-------------------------------------------------
