251 1015 1
387 1015 2
523 1015 1
659 1015 2
795 1015 3
931 1015 4
1067 1015 1
-------------------------------------------------
251 1151 1
387 1151 5
523 1151 2
659 1151 1
795 1151 4
931 1151 3
1067 1151 1
-------------------------------------------------
251 1287 4
387 1287 3
523 1287 4
659 1287 3
795 1287 1
931 1287 4
1067 1287 3
-------------------------------------------------
251 1423 4
387 1423 6
523 1423 2
659 1423 1
795 1423 3
931 1423 2
1067 1423 4
-------------------------------------------------
251 1559 3
387 1559 1
523 1559 4
659 1559 2
795 1559 1
931 1559 1
1067 1559 3
-------------------------------------------------
251 1695 1
387 1695 5
523 1695 3
659 1695 4
795 1695 3
931 1695 4
1067 1695 2
-------------------------------------------------
251 1831 1
387 1831 2
523 1831 1
659 1831 3
795 1831 1
931 1831 7
1067 1831 4
-------------------------------------------------
