116 878 
252 878 1
388 878 2
524 878 1
660 878 3
796 878 4
932 878 1
1068 878 3
1204 878 
-------------------------------------------------
116 1014 4
252 1014 3
388 1014 5
524 1014 4
660 1014 1
796 1014 1
932 1014 3
1068 1014 4
1204 1014 5
-------------------------------------------------
116 1150 1
252 1150 5
388 1150 3
524 1150 5
660 1150 5
796 1150 3
932 1150 1
1068 1150 4
1204 1150 4
-------------------------------------------------
116 1286 4
252 1286 3
388 1286 1
524 1286 4
660 1286 1
796 1286 5
932 1286 3
1068 1286 1
1204 1286 3
-------------------------------------------------
116 1422 3
252 1422 5
388 1422 3
524 1422 5
660 1422 1
796 1422 1
932 1422 4
1068 1422 3
1204 1422 5
-------------------------------------------------
116 1558 4
252 1558 3
388 1558 3
524 1558 1
660 1558 4
796 1558 6
932 1558 5
1068 1558 4
1204 1558 5
-------------------------------------------------
116 1694 7
252 1694 8
388 1694 8
524 1694 7
660 1694 8
796 1694 8
932 1694 9
1068 1694 7
1204 1694 9
-------------------------------------------------
116 1830 10
252 1830 7
388 1830 9
524 1830 10
660 1830 10
796 1830 7
932 1830 7
1068 1830 10
1204 1830 10
-------------------------------------------------
116 1966 
252 1966 9
388 1966 7
524 1966 9
660 1966 9
796 1966 10
932 1966 9
1068 1966 7
1204 1966 
-------------------------------------------------
