252 1015 1
388 1015 2
524 1015 3
660 1015 4
796 1015 2
932 1015 3
1068 1015 4
-------------------------------------------------
252 1151 1
388 1151 3
524 1151 4
660 1151 3
796 1151 2
932 1151 4
1068 1151 5
-------------------------------------------------
252 1287 4
388 1287 3
524 1287 1
660 1287 5
796 1287 3
932 1287 3
1068 1287 4
-------------------------------------------------
252 1423 4
388 1423 1
524 1423 4
660 1423 4
796 1423 2
932 1423 2
1068 1423 4
-------------------------------------------------
252 1559 5
388 1559 3
524 1559 3
660 1559 2
796 1559 2
932 1559 1
1068 1559 5
-------------------------------------------------
252 1695 1
388 1695 4
524 1695 1
660 1695 5
796 1695 6
932 1695 4
1068 1695 1
-------------------------------------------------
252 1831 2
388 1831 1
524 1831 2
660 1831 5
796 1831 2
932 1831 1
1068 1831 2
-------------------------------------------------
