116 878 
251 878 1
386 878 1
521 878 2
656 878 3
791 878 3
926 878 1
1061 878 2
1196 878 
-------------------------------------------------
116 1014 4
251 1014 3
386 1014 5
521 1014 6
656 1014 3
791 1014 6
926 1014 7
1061 1014 1
1196 1014 5
-------------------------------------------------
116 1150 6
251 1150 6
386 1150 1
521 1150 3
656 1150 1
791 1150 2
926 1150 3
1061 1150 2
1196 1150 6
-------------------------------------------------
116 1286 7
251 1286 1
386 1286 8
521 1286 6
656 1286 3
791 1286 2
926 1286 8
1061 1286 2
1196 1286 5
-------------------------------------------------
116 1422 6
251 1422 6
386 1422 2
521 1422 6
656 1422 1
791 1422 3
926 1422 1
1061 1422 6
1196 1422 2
-------------------------------------------------
116 1558 8
251 1558 1
386 1558 8
521 1558 3
656 1558 3
791 1558 2
926 1558 7
1061 1558 6
1196 1558 7
-------------------------------------------------
116 1694 2
251 1694 2
386 1694 6
521 1694 2
656 1694 2
791 1694 6
926 1694 2
1061 1694 2
1196 1694 6
-------------------------------------------------
116 1830 7
251 1830 1
386 1830 4
521 1830 1
656 1830 2
791 1830 6
926 1830 5
1061 1830 2
1196 1830 4
-------------------------------------------------
