252 1014 1
388 1014 1
524 1014 2
660 1014 2
796 1014 1
932 1014 1
1068 1014 2
-------------------------------------------------
252 1150 3
388 1150 3
524 1150 2
660 1150 1
796 1150 4
932 1150 3
1068 1150 3
-------------------------------------------------
252 1286 4
388 1286 3
524 1286 4
660 1286 5
796 1286 2
932 1286 4
1068 1286 2
-------------------------------------------------
252 1422 2
388 1422 4
524 1422 4
660 1422 2
796 1422 2
932 1422 1
1068 1422 3
-------------------------------------------------
252 1558 3
388 1558 2
524 1558 3
660 1558 1
796 1558 1
932 1558 4
1068 1558 1
-------------------------------------------------
252 1694 2
388 1694 1
524 1694 3
660 1694 2
796 1694 4
932 1694 2
1068 1694 2
-------------------------------------------------
252 1830 1
388 1830 2
524 1830 1
660 1830 1
796 1830 3
932 1830 3
1068 1830 2
-------------------------------------------------
