116 879 1
252 879 1
388 879 2
524 879 3
660 879 
796 879 4
932 879 4
1068 879 1
1204 879 1
-------------------------------------------------
116 1015 2
252 1015 4
388 1015 3
524 1015 3
660 1015 4
796 1015 1
932 1015 3
1068 1015 4
1204 1015 3
-------------------------------------------------
116 1151 5
252 1151 2
388 1151 6
524 1151 4
660 1151 7
796 1151 3
932 1151 6
1068 1151 4
1204 1151 1
-------------------------------------------------
116 1287 5
252 1287 5
388 1287 4
524 1287 8
660 1287 2
796 1287 4
932 1287 6
1068 1287 1
1204 1287 4
-------------------------------------------------
116 1423 5
252 1423 5
388 1423 5
524 1423 3
660 1423 1
796 1423 2
932 1423 4
1068 1423 3
1204 1423 2
-------------------------------------------------
116 1559 6
252 1559 5
388 1559 5
524 1559 5
660 1559 5
796 1559 1
932 1559 1
1068 1559 2
1204 1559 6
-------------------------------------------------
116 1695 1
252 1695 6
388 1695 5
524 1695 5
660 1695 3
796 1695 5
932 1695 5
1068 1695 6
1204 1695 1
-------------------------------------------------
116 1831 2
252 1831 1
388 1831 6
524 1831 5
660 1831 5
796 1831 5
932 1831 6
1068 1831 1
1204 1831 2
-------------------------------------------------
116 1967 
252 1967 2
388 1967 1
524 1967 6
660 1967 5
796 1967 6
932 1967 1
1068 1967 2
1204 1967 
-------------------------------------------------
