116 879 1
251 879 2
386 879 2
521 879 3
656 879 
791 879 1
926 879 3
1061 879 4
1196 879 3
-------------------------------------------------
116 1015 4
251 1015 5
386 1015 3
521 1015 3
656 1015 5
791 1015 5
926 1015 2
1061 1015 1
1196 1015 1
-------------------------------------------------
116 1151 6
251 1151 1
386 1151 3
521 1151 1
656 1151 5
791 1151 1
926 1151 5
1061 1151 3
1196 1151 2
-------------------------------------------------
116 1287 3
251 1287 1
386 1287 2
521 1287 3
656 1287 1
791 1287 4
926 1287 3
1061 1287 3
1196 1287 1
-------------------------------------------------
116 1423 6
251 1423 4
386 1423 1
521 1423 4
656 1423 2
791 1423 5
926 1423 2
1061 1423 2
1196 1423 4
-------------------------------------------------
116 1559 5
251 1559 6
386 1559 4
521 1559 5
656 1559 4
791 1559 1
926 1559 1
1061 1559 4
1196 1559 5
-------------------------------------------------
116 1695 1
251 1695 5
386 1695 6
521 1695 6
656 1695 5
791 1695 6
926 1695 6
1061 1695 5
1196 1695 1
-------------------------------------------------
116 1831 4
251 1831 1
386 1831 5
521 1831 6
656 1831 2
791 1831 6
926 1831 5
1061 1831 1
1196 1831 4
-------------------------------------------------
116 1967 
251 1967 4
386 1967 1
521 1967 5
656 1967 1
791 1967 5
926 1967 1
1061 1967 4
1196 1967 
-------------------------------------------------
