252 1015 1
388 1015 2
524 1015 3
660 1015 4
796 1015 1
932 1015 4
1068 1015 2
-------------------------------------------------
252 1151 5
388 1151 5
524 1151 3
660 1151 4
796 1151 3
932 1151 4
1068 1151 4
-------------------------------------------------
252 1287 4
388 1287 5
524 1287 4
660 1287 5
796 1287 2
932 1287 6
1068 1287 3
-------------------------------------------------
252 1423 3
388 1423 3
524 1423 5
660 1423 3
796 1423 4
932 1423 2
1068 1423 4
-------------------------------------------------
252 1559 1
388 1559 3
524 1559 2
660 1559 4
796 1559 1
932 1559 4
1068 1559 4
-------------------------------------------------
252 1695 5
388 1695 5
524 1695 4
660 1695 5
796 1695 1
932 1695 1
1068 1695 3
-------------------------------------------------
252 1831 4
388 1831 4
524 1831 3
660 1831 1
796 1831 2
932 1831 1
1068 1831 1
-------------------------------------------------
