116 879 1
251 879 2
386 879 2
521 879 3
656 879 4
791 879 5
926 879 5
1061 879 3
1196 879 4
-------------------------------------------------
116 1015 4
251 1015 5
386 1015 4
521 1015 6
656 1015 2
791 1015 2
926 1015 4
1061 1015 3
1196 1015 5
-------------------------------------------------
116 1151 1
251 1151 5
386 1151 4
521 1151 3
656 1151 5
791 1151 4
926 1151 4
1061 1151 2
1196 1151 5
-------------------------------------------------
116 1287 1
251 1287 1
386 1287 1
521 1287 1
656 1287 4
791 1287 3
926 1287 3
1061 1287 5
1196 1287 4
-------------------------------------------------
116 1423 1
251 1423 1
386 1423 1
521 1423 1
656 1423 1
791 1423 2
926 1423 5
1061 1423 4
1196 1423 3
-------------------------------------------------
116 1559 1
251 1559 1
386 1559 1
521 1559 1
656 1559 3
791 1559 3
926 1559 2
1061 1559 5
1196 1559 3
-------------------------------------------------
116 1695 1
251 1695 1
386 1695 1
521 1695 1
656 1695 1
791 1695 4
926 1695 7
1061 1695 2
1196 1695 4
-------------------------------------------------
116 1831 1
251 1831 1
386 1831 1
521 1831 1
656 1831 1
791 1831 2
926 1831 4
1061 1831 8
1196 1831 2
-------------------------------------------------
116 1967 1
251 1967 1
386 1967 1
521 1967 1
656 1967 1
791 1967 1
926 1967 3
1061 1967 1
1196 1967 2
-------------------------------------------------
