388 879 1
523 879 2
658 879 3
793 879 4
928 879 2
-------------------------------------------------
388 1015 3
523 1015 1
658 1015 1
793 1015 3
928 1015 2
-------------------------------------------------
388 1151 1
523 1151 2
658 1151 2
793 1151 1
928 1151 3
-------------------------------------------------
388 1287 3
523 1287 1
658 1287 3
793 1287 5
928 1287 2
-------------------------------------------------
388 1423 1
523 1423 4
658 1423 4
793 1423 2
928 1423 4
-------------------------------------------------
388 1559 4
523 1559 1
658 1559 4
793 1559 1
928 1559 2
-------------------------------------------------
388 1695 1
523 1695 6
658 1695 3
793 1695 2
928 1695 3
-------------------------------------------------
388 1831 4
523 1831 4
658 1831 2
793 1831 2
928 1831 3
-------------------------------------------------
388 1967 4
523 1967 1
658 1967 4
793 1967 1
928 1967 7
-------------------------------------------------
