252 878 1
387 878 2
522 878 3
657 878 1
792 878 2
927 878 1
1062 878 2
-------------------------------------------------
252 1014 3
387 1014 2
522 1014 3
657 1014 3
792 1014 1
927 1014 3
1062 1014 3
-------------------------------------------------
252 1150 1
387 1150 4
522 1150 5
657 1150 1
792 1150 3
927 1150 3
1062 1150 4
-------------------------------------------------
252 1286 3
387 1286 4
522 1286 1
657 1286 1
792 1286 2
927 1286 1
1062 1286 1
-------------------------------------------------
252 1422 3
387 1422 3
522 1422 2
657 1422 3
792 1422 4
927 1422 2
1062 1422 6
-------------------------------------------------
252 1558 2
387 1558 1
522 1558 4
657 1558 1
792 1558 2
927 1558 3
1062 1558 4
-------------------------------------------------
252 1694 2
387 1694 1
522 1694 7
657 1694 1
792 1694 3
927 1694 2
1062 1694 4
-------------------------------------------------
252 1830 3
387 1830 2
522 1830 2
657 1830 8
792 1830 1
927 1830 4
1062 1830 3
-------------------------------------------------
252 1966 4
387 1966 3
522 1966 4
657 1966 3
792 1966 4
927 1966 3
1062 1966 4
-------------------------------------------------
