388 879 1
524 879 2
660 879 3
796 879 4
932 879 3
-------------------------------------------------
388 1015 3
524 1015 1
660 1015 3
796 1015 2
932 1015 3
-------------------------------------------------
388 1151 3
524 1151 3
660 1151 4
796 1151 4
932 1151 1
-------------------------------------------------
388 1287 5
524 1287 5
660 1287 6
796 1287 1
932 1287 4
-------------------------------------------------
388 1423 5
524 1423 5
660 1423 5
796 1423 5
932 1423 5
-------------------------------------------------
388 1559 5
524 1559 5
660 1559 5
796 1559 5
932 1559 5
-------------------------------------------------
388 1695 5
524 1695 5
660 1695 5
796 1695 5
932 1695 5
-------------------------------------------------
388 1831 5
524 1831 5
660 1831 5
796 1831 5
932 1831 5
-------------------------------------------------
388 1967 5
524 1967 5
660 1967 5
796 1967 5
932 1967 5
-------------------------------------------------
