116 879 
252 879 1
388 879 2
524 879 3
660 879 4
796 879 5
932 879 1
1068 879 2
1204 879 
-------------------------------------------------
116 1015 1
252 1015 5
388 1015 1
524 1015 4
660 1015 1
796 1015 1
932 1015 5
1068 1015 5
1204 1015 4
-------------------------------------------------
116 1151 5
252 1151 4
388 1151 4
524 1151 1
660 1151 6
796 1151 4
932 1151 4
1068 1151 2
1204 1151 4
-------------------------------------------------
116 1287 2
252 1287 1
388 1287 1
524 1287 5
660 1287 2
796 1287 2
932 1287 4
1068 1287 1
1204 1287 1
-------------------------------------------------
116 1423 2
252 1423 5
388 1423 4
524 1423 2
660 1423 4
796 1423 4
932 1423 5
1068 1423 2
1204 1423 4
-------------------------------------------------
116 1559 5
252 1559 4
388 1559 2
524 1559 1
660 1559 2
796 1559 7
932 1559 1
1068 1559 2
1204 1559 5
-------------------------------------------------
116 1695 8
252 1695 5
388 1695 2
524 1695 1
660 1695 2
796 1695 1
932 1695 4
1068 1695 5
1204 1695 2
-------------------------------------------------
116 1831 2
252 1831 5
388 1831 4
524 1831 9
660 1831 10
796 1831 5
932 1831 5
1068 1831 4
1204 1831 2
-------------------------------------------------
116 1967 
252 1967 2
388 1967 11
524 1967 2
660 1967 2
796 1967 4
932 1967 12
1068 1967 5
1204 1967 
-------------------------------------------------
