388 878 1
524 878 2
660 878 3
796 878 2
932 878 3
-------------------------------------------------
388 1014 1
524 1014 4
660 1014 3
796 1014 3
932 1014 4
-------------------------------------------------
388 1150 3
524 1150 3
660 1150 4
796 1150 4
932 1150 2
-------------------------------------------------
388 1286 2
524 1286 5
660 1286 3
796 1286 1
932 1286 2
-------------------------------------------------
388 1422 6
524 1422 6
660 1422 3
796 1422 7
932 1422 4
-------------------------------------------------
388 1558 6
524 1558 6
660 1558 1
796 1558 6
932 1558 6
-------------------------------------------------
388 1694 6
524 1694 6
660 1694 4
796 1694 6
932 1694 6
-------------------------------------------------
388 1830 6
524 1830 6
660 1830 1
796 1830 6
932 1830 6
-------------------------------------------------
388 1966 6
524 1966 6
660 1966 1
796 1966 6
932 1966 6
-------------------------------------------------
