119 879 1
254 879 2
389 879 1
524 879 2
659 879 2
794 879 3
929 879 1
1064 879 3
1199 879 1
-------------------------------------------------
119 1015 1
254 1015 1
389 1015 3
524 1015 4
659 1015 2
794 1015 5
929 1015 4
1064 1015 2
1199 1015 4
-------------------------------------------------
119 1151 3
254 1151 4
389 1151 2
524 1151 3
659 1151 1
794 1151 4
929 1151 4
1064 1151 1
1199 1151 1
-------------------------------------------------
119 1287 1
254 1287 2
389 1287 1
524 1287 3
659 1287 4
794 1287 1
929 1287 2
1064 1287 1
1199 1287 4
-------------------------------------------------
119 1423 1
254 1423 1
389 1423 2
524 1423 4
659 1423 3
794 1423 2
929 1423 3
1064 1423 2
1199 1423 6
-------------------------------------------------
119 1559 3
254 1559 1
389 1559 3
524 1559 7
659 1559 2
794 1559 3
929 1559 2
1064 1559 1
1199 1559 4
-------------------------------------------------
119 1695 1
254 1695 3
389 1695 1
524 1695 3
659 1695 8
794 1695 2
929 1695 3
1064 1695 1
1199 1695 3
-------------------------------------------------
119 1831 3
254 1831 2
389 1831 4
524 1831 2
659 1831 1
794 1831 4
929 1831 9
1064 1831 6
1199 1831 1
-------------------------------------------------
119 1967 10
254 1967 4
389 1967 11
524 1967 3
659 1967 9
794 1967 2
929 1967 3
1064 1967 10
1199 1967 1
-------------------------------------------------
