251 1014 1
387 1014 2
523 1014 1
659 1014 2
795 1014 3
931 1014 4
1067 1014 4
-------------------------------------------------
251 1150 1
387 1150 5
523 1150 2
659 1150 1
795 1150 3
931 1150 3
1067 1150 1
-------------------------------------------------
251 1286 4
387 1286 3
523 1286 4
659 1286 3
795 1286 2
931 1286 4
1067 1286 6
-------------------------------------------------
251 1422 4
387 1422 7
523 1422 2
659 1422 1
795 1422 2
931 1422 8
1067 1422 3
-------------------------------------------------
251 1558 3
387 1558 1
523 1558 4
659 1558 2
795 1558 3
931 1558 2
1067 1558 3
-------------------------------------------------
251 1694 1
387 1694 5
523 1694 3
659 1694 4
795 1694 2
931 1694 9
1067 1694 2
-------------------------------------------------
251 1830 1
387 1830 2
523 1830 1
659 1830 3
795 1830 1
931 1830 4
1067 1830 4
-------------------------------------------------
