116 878 
251 878 1
386 878 2
521 878 3
656 878 4
791 878 4
926 878 2
1061 878 1
1196 878 
-------------------------------------------------
116 1014 5
251 1014 4
386 1014 6
521 1014 1
656 1014 4
791 1014 3
926 1014 7
1061 1014 3
1196 1014 6
-------------------------------------------------
116 1150 3
251 1150 3
386 1150 2
521 1150 3
656 1150 1
791 1150 8
926 1150 4
1061 1150 3
1196 1150 3
-------------------------------------------------
116 1286 7
251 1286 2
386 1286 9
521 1286 4
656 1286 2
791 1286 3
926 1286 9
1061 1286 1
1196 1286 6
-------------------------------------------------
116 1422 3
251 1422 3
386 1422 1
521 1422 3
656 1422 4
791 1422 1
926 1422 2
1061 1422 2
1196 1422 1
-------------------------------------------------
116 1558 9
251 1558 2
386 1558 9
521 1558 3
656 1558 2
791 1558 1
926 1558 7
1061 1558 1
1196 1558 7
-------------------------------------------------
116 1694 1
251 1694 1
386 1694 3
521 1694 4
656 1694 4
791 1694 10
926 1694 4
1061 1694 3
1196 1694 1
-------------------------------------------------
116 1830 7
251 1830 2
386 1830 5
521 1830 2
656 1830 1
791 1830 3
926 1830 6
1061 1830 1
1196 1830 5
-------------------------------------------------
