116 879 
252 879 1
388 879 2
524 879 3
660 879 3
796 879 1
932 879 2
1068 879 2
1204 879 
-------------------------------------------------
116 1015 4
252 1015 5
388 1015 6
524 1015 3
660 1015 7
796 1015 3
932 1015 2
1068 1015 3
1204 1015 8
-------------------------------------------------
116 1151 1
252 1151 3
388 1151 2
524 1151 1
660 1151 3
796 1151 3
932 1151 7
1068 1151 5
1204 1151 2
-------------------------------------------------
116 1287 9
252 1287 1
388 1287 10
524 1287 5
660 1287 2
796 1287 2
932 1287 1
1068 1287 3
1204 1287 5
-------------------------------------------------
116 1423 1
252 1423 1
388 1423 2
524 1423 3
660 1423 11
796 1423 5
932 1423 2
1068 1423 5
1204 1423 3
-------------------------------------------------
116 1559 10
252 1559 2
388 1559 10
524 1559 2
660 1559 2
796 1559 3
932 1559 9
1068 1559 3
1204 1559 9
-------------------------------------------------
116 1695 3
252 1695 3
388 1695 1
524 1695 1
660 1695 5
796 1695 6
932 1695 5
1068 1695 3
1204 1695 1
-------------------------------------------------
116 1831 9
252 1831 2
388 1831 4
524 1831 2
660 1831 3
796 1831 1
932 1831 8
1068 1831 2
1204 1831 4
-------------------------------------------------
