116 878 1
251 878 2
386 878 1
521 878 1
656 878 
791 878 1
926 878 1
1061 878 3
1196 878 1
-------------------------------------------------
116 1014 1
251 1014 3
386 1014 4
521 1014 2
656 1014 5
791 1014 4
926 1014 1
1061 1014 3
1196 1014 4
-------------------------------------------------
116 1150 3
251 1150 4
386 1150 2
521 1150 4
656 1150 3
791 1150 1
926 1150 4
1061 1150 1
1196 1150 1
-------------------------------------------------
116 1286 1
251 1286 2
386 1286 3
521 1286 5
656 1286 2
791 1286 1
926 1286 4
1061 1286 4
1196 1286 5
-------------------------------------------------
116 1422 3
251 1422 5
386 1422 3
521 1422 3
656 1422 5
791 1422 2
926 1422 5
1061 1422 5
1196 1422 3
-------------------------------------------------
116 1558 2
251 1558 4
386 1558 2
521 1558 5
656 1558 6
791 1558 1
926 1558 2
1061 1558 3
1196 1558 2
-------------------------------------------------
116 1694 1
251 1694 2
386 1694 3
521 1694 2
656 1694 3
791 1694 2
926 1694 5
1061 1694 2
1196 1694 1
-------------------------------------------------
116 1830 3
251 1830 5
386 1830 5
521 1830 1
656 1830 5
791 1830 7
926 1830 2
1061 1830 1
1196 1830 3
-------------------------------------------------
116 1966 
251 1966 3
386 1966 4
521 1966 3
656 1966 1
791 1966 2
926 1966 1
1061 1966 3
1196 1966 
-------------------------------------------------
