388 878 1
523 878 2
658 878 3
793 878 1
928 878 3
-------------------------------------------------
388 1014 4
523 1014 1
658 1014 4
793 1014 1
928 1014 1
-------------------------------------------------
388 1150 2
523 1150 1
658 1150 3
793 1150 2
928 1150 4
-------------------------------------------------
388 1286 1
523 1286 4
658 1286 4
793 1286 1
928 1286 4
-------------------------------------------------
388 1422 1
523 1422 2
658 1422 3
793 1422 4
928 1422 1
-------------------------------------------------
388 1558 3
523 1558 1
658 1558 1
793 1558 3
928 1558 5
-------------------------------------------------
388 1694 3
523 1694 4
658 1694 3
793 1694 6
928 1694 1
-------------------------------------------------
388 1830 5
523 1830 3
658 1830 1
793 1830 4
928 1830 5
-------------------------------------------------
388 1966 5
523 1966 1
658 1966 3
793 1966 3
928 1966 5
-------------------------------------------------
