116 879 
252 879 1
388 879 2
524 879 3
660 879 3
796 879 4
932 879 4
1068 879 1
1204 879 
-------------------------------------------------
116 1015 1
252 1015 3
388 1015 1
524 1015 1
660 1015 2
796 1015 2
932 1015 3
1068 1015 1
1204 1015 4
-------------------------------------------------
116 1151 1
252 1151 3
388 1151 1
524 1151 2
660 1151 3
796 1151 1
932 1151 3
1068 1151 2
1204 1151 1
-------------------------------------------------
116 1287 3
252 1287 2
388 1287 3
524 1287 5
660 1287 2
796 1287 4
932 1287 4
1068 1287 6
1204 1287 2
-------------------------------------------------
116 1423 1
252 1423 4
388 1423 2
524 1423 1
660 1423 4
796 1423 3
932 1423 4
1068 1423 7
1204 1423 4
-------------------------------------------------
116 1559 1
252 1559 2
388 1559 2
524 1559 5
660 1559 3
796 1559 1
932 1559 3
1068 1559 8
1204 1559 2
-------------------------------------------------
116 1695 9
252 1695 4
388 1695 4
524 1695 9
660 1695 4
796 1695 3
932 1695 2
1068 1695 9
1204 1695 10
-------------------------------------------------
116 1831 11
252 1831 9
388 1831 4
524 1831 11
660 1831 11
796 1831 4
932 1831 9
1068 1831 11
1204 1831 11
-------------------------------------------------
116 1967 
252 1967 1
388 1967 12
524 1967 3
660 1967 3
796 1967 11
932 1967 10
1068 1967 9
1204 1967 
-------------------------------------------------
