116 879 1
252 879 2
388 879 3
524 879 4
660 879 5
796 879 3
932 879 2
1068 879 5
1204 879 2
-------------------------------------------------
116 1015 1
252 1015 1
388 1015 5
524 1015 5
660 1015 2
796 1015 3
932 1015 5
1068 1015 3
1204 1015 2
-------------------------------------------------
116 1151 1
252 1151 1
388 1151 1
524 1151 2
660 1151 4
796 1151 4
932 1151 6
1068 1151 5
1204 1151 5
-------------------------------------------------
116 1287 1
252 1287 1
388 1287 1
524 1287 1
660 1287 3
796 1287 5
932 1287 3
1068 1287 2
1204 1287 3
-------------------------------------------------
116 1423 1
252 1423 1
388 1423 1
524 1423 1
660 1423 1
796 1423 4
932 1423 4
1068 1423 3
1204 1423 4
-------------------------------------------------
116 1559 1
252 1559 1
388 1559 1
524 1559 1
660 1559 4
796 1559 3
932 1559 3
1068 1559 2
1204 1559 4
-------------------------------------------------
116 1695 1
252 1695 1
388 1695 1
524 1695 1
660 1695 1
796 1695 3
932 1695 5
1068 1695 5
1204 1695 3
-------------------------------------------------
116 1831 1
252 1831 1
388 1831 1
524 1831 1
660 1831 1
796 1831 1
932 1831 3
1068 1831 7
1204 1831 5
-------------------------------------------------
116 1967 1
252 1967 1
388 1967 1
524 1967 1
660 1967 1
796 1967 1
932 1967 1
1068 1967 1
1204 1967 5
-------------------------------------------------
