388 879 1
524 879 1
660 879 2
796 879 1
932 879 3
-------------------------------------------------
388 1015 1
524 1015 3
660 1015 3
796 1015 2
932 1015 2
-------------------------------------------------
388 1151 4
524 1151 1
660 1151 1
796 1151 3
932 1151 2
-------------------------------------------------
388 1287 4
524 1287 4
660 1287 4
796 1287 4
932 1287 4
-------------------------------------------------
388 1423 4
524 1423 4
660 1423 4
796 1423 4
932 1423 4
-------------------------------------------------
388 1559 4
524 1559 4
660 1559 4
796 1559 4
932 1559 4
-------------------------------------------------
388 1695 4
524 1695 4
660 1695 4
796 1695 4
932 1695 4
-------------------------------------------------
388 1831 4
524 1831 4
660 1831 4
796 1831 4
932 1831 4
-------------------------------------------------
388 1967 4
524 1967 4
660 1967 4
796 1967 4
932 1967 4
-------------------------------------------------
