252 879 1
387 879 2
522 879 3
657 879 4
792 879 2
927 879 4
1062 879 2
-------------------------------------------------
252 1015 3
387 1015 2
522 1015 2
657 1015 5
792 1015 2
927 1015 4
1062 1015 3
-------------------------------------------------
252 1151 2
387 1151 5
522 1151 3
657 1151 2
792 1151 3
927 1151 6
1062 1151 1
-------------------------------------------------
252 1287 3
387 1287 4
522 1287 3
657 1287 3
792 1287 1
927 1287 2
1062 1287 4
-------------------------------------------------
252 1423 5
387 1423 2
522 1423 4
657 1423 7
792 1423 2
927 1423 1
1062 1423 8
-------------------------------------------------
252 1559 1
387 1559 1
522 1559 4
657 1559 4
792 1559 1
927 1559 2
1062 1559 3
-------------------------------------------------
252 1695 4
387 1695 8
522 1695 1
657 1695 4
792 1695 4
927 1695 6
1062 1695 3
-------------------------------------------------
252 1831 1
387 1831 2
522 1831 2
657 1831 5
792 1831 4
927 1831 3
1062 1831 1
-------------------------------------------------
252 1967 3
387 1967 1
522 1967 3
657 1967 1
792 1967 3
927 1967 1
1062 1967 3
-------------------------------------------------
