116 879 
252 879 1
388 879 2
524 879 3
660 879 1
796 879 4
932 879 3
1068 879 2
1204 879 
-------------------------------------------------
116 1015 4
252 1015 2
388 1015 4
524 1015 2
660 1015 2
796 1015 1
932 1015 2
1068 1015 3
1204 1015 2
-------------------------------------------------
116 1151 2
252 1151 3
388 1151 3
524 1151 2
660 1151 4
796 1151 1
932 1151 3
1068 1151 2
1204 1151 3
-------------------------------------------------
116 1287 2
252 1287 3
388 1287 4
524 1287 1
660 1287 1
796 1287 3
932 1287 4
1068 1287 4
1204 1287 1
-------------------------------------------------
116 1423 3
252 1423 1
388 1423 4
524 1423 1
660 1423 4
796 1423 1
932 1423 3
1068 1423 3
1204 1423 4
-------------------------------------------------
116 1559 2
252 1559 3
388 1559 3
524 1559 4
660 1559 2
796 1559 3
932 1559 1
1068 1559 3
1204 1559 1
-------------------------------------------------
116 1695 5
252 1695 6
388 1695 6
524 1695 5
660 1695 6
796 1695 6
932 1695 7
1068 1695 5
1204 1695 7
-------------------------------------------------
116 1831 8
252 1831 5
388 1831 7
524 1831 8
660 1831 8
796 1831 5
932 1831 5
1068 1831 8
1204 1831 8
-------------------------------------------------
116 1967 
252 1967 7
388 1967 5
524 1967 7
660 1967 7
796 1967 8
932 1967 7
1068 1967 5
1204 1967 
-------------------------------------------------
