116 878 
252 878 1
388 878 2
524 878 3
660 878 4
796 878 2
932 878 4
1068 878 5
1204 878 
-------------------------------------------------
116 1014 4
252 1014 2
388 1014 5
524 1014 6
660 1014 5
796 1014 2
932 1014 5
1068 1014 5
1204 1014 1
-------------------------------------------------
116 1150 4
252 1150 2
388 1150 5
524 1150 4
660 1150 5
796 1150 4
932 1150 2
1068 1150 4
1204 1150 4
-------------------------------------------------
116 1286 2
252 1286 5
388 1286 2
524 1286 1
660 1286 2
796 1286 2
932 1286 5
1068 1286 4
1204 1286 5
-------------------------------------------------
116 1422 4
252 1422 1
388 1422 4
524 1422 4
660 1422 1
796 1422 4
932 1422 2
1068 1422 2
1204 1422 1
-------------------------------------------------
116 1558 4
252 1558 5
388 1558 2
524 1558 3
660 1558 2
796 1558 2
932 1558 5
1068 1558 5
1204 1558 4
-------------------------------------------------
116 1694 7
252 1694 1
388 1694 1
524 1694 7
660 1694 1
796 1694 1
932 1694 5
1068 1694 7
1204 1694 8
-------------------------------------------------
116 1830 9
252 1830 7
388 1830 5
524 1830 9
660 1830 9
796 1830 2
932 1830 7
1068 1830 9
1204 1830 9
-------------------------------------------------
116 1966 
252 1966 8
388 1966 2
524 1966 8
660 1966 8
796 1966 9
932 1966 8
1068 1966 7
1204 1966 
-------------------------------------------------
