195 959 1
310 959 2
425 959 1
540 959 1
655 959 3
770 959 2
885 959 4
-------------------------------------------------
195 1074 1
310 1074 3
425 1074 2
540 1074 3
655 1074 5
770 1074 2
885 1074 5
-------------------------------------------------
195 1189 4
310 1189 2
425 1189 2
540 1189 1
655 1189 5
770 1189 1
885 1189 1
-------------------------------------------------
195 1304 4
310 1304 3
425 1304 5
540 1304 2
655 1304 2
770 1304 1
885 1304 2
-------------------------------------------------
195 1419 3
310 1419 1
425 1419 2
540 1419 5
655 1419 6
770 1419 2
885 1419 2
-------------------------------------------------
195 1534 1
310 1534 2
425 1534 1
540 1534 1
655 1534 2
770 1534 4
885 1534 4
-------------------------------------------------
195 1649 5
310 1649 3
425 1649 3
540 1649 2
655 1649 5
770 1649 5
885 1649 2
-------------------------------------------------
