80 845 
195 845 
310 845 
425 845 
540 845 1
655 845 
770 845 
885 845 
1000 845 
-------------------------------------------------
80 960 
195 960 
310 960 2
425 960 
540 960 1
655 960 
770 960 3
885 960 
1000 960 
-------------------------------------------------
80 1075 1
195 1075 
310 1075 4
425 1075 
540 1075 5
655 1075 
770 1075 1
885 1075 
1000 1075 3
-------------------------------------------------
80 1190 6
195 1190 
310 1190 7
425 1190 
540 1190 8
655 1190 
770 1190 9
885 1190 
1000 1190 1
-------------------------------------------------
80 1305 7
195 1305 9
310 1305 9
425 1305 7
540 1305 8
655 1305 7
770 1305 5
885 1305 10
1000 1305 10
-------------------------------------------------
80 1420 9
195 1420 9
310 1420 8
425 1420 9
540 1420 9
655 1420 10
770 1420 9
885 1420 7
1000 1420 10
-------------------------------------------------
80 1535 7
195 1535 5
310 1535 10
425 1535 10
540 1535 9
655 1535 8
770 1535 10
885 1535 8
1000 1535 7
-------------------------------------------------
80 1650 7
195 1650 7
310 1650 5
425 1650 8
540 1650 8
655 1650 5
770 1650 10
885 1650 8
1000 1650 8
-------------------------------------------------
80 1765 
195 1765 7
310 1765 10
425 1765 8
540 1765 
655 1765 10
770 1765 8
885 1765 10
1000 1765 
-------------------------------------------------
