195 960 1
310 960 2
425 960 2
540 960 3
655 960 3
770 960 4
885 960 4
-------------------------------------------------
195 1075 3
310 1075 5
425 1075 4
540 1075 5
655 1075 4
770 1075 2
885 1075 3
-------------------------------------------------
195 1190 4
310 1190 4
425 1190 3
540 1190 1
655 1190 3
770 1190 3
885 1190 2
-------------------------------------------------
195 1305 5
310 1305 4
425 1305 1
540 1305 4
655 1305 3
770 1305 1
885 1305 6
-------------------------------------------------
195 1420 2
310 1420 1
425 1420 3
540 1420 5
655 1420 4
770 1420 1
885 1420 1
-------------------------------------------------
195 1535 5
310 1535 2
425 1535 1
540 1535 7
655 1535 1
770 1535 4
885 1535 4
-------------------------------------------------
195 1650 3
310 1650 5
425 1650 4
540 1650 3
655 1650 4
770 1650 2
885 1650 5
-------------------------------------------------
