80 845 1
195 845 2
310 845 1
425 845 3
540 845 4
655 845 2
770 845 3
885 845 3
1000 845 1
-------------------------------------------------
80 959 3
195 959 1
310 959 2
425 959 4
540 959 1
655 959 1
770 959 5
885 959 6
1000 959 3
-------------------------------------------------
80 1073 2
195 1073 2
310 1073 1
425 1073 6
540 1073 4
655 1073 6
770 1073 6
885 1073 2
1000 1073 2
-------------------------------------------------
80 1187 3
195 1187 1
310 1187 3
425 1187 3
540 1187 2
655 1187 3
770 1187 4
885 1187 4
1000 1187 6
-------------------------------------------------
80 1301 3
195 1301 1
310 1301 1
425 1301 3
540 1301 7
655 1301 1
770 1301 8
885 1301 3
1000 1301 6
-------------------------------------------------
80 1415 6
195 1415 6
310 1415 3
425 1415 6
540 1415 6
655 1415 4
770 1415 9
885 1415 4
1000 1415 1
-------------------------------------------------
80 1529 1
195 1529 3
310 1529 3
425 1529 1
540 1529 2
655 1529 10
770 1529 1
885 1529 1
1000 1529 2
-------------------------------------------------
80 1643 4
195 1643 1
310 1643 4
425 1643 3
540 1643 1
655 1643 3
770 1643 2
885 1643 3
1000 1643 2
-------------------------------------------------
80 1757 4
195 1757 1
310 1757 6
425 1757 3
540 1757 2
655 1757 6
770 1757 6
885 1757 3
1000 1757 3
-------------------------------------------------
