80 845 
195 845 1
310 845 2
425 845 3
540 845 4
655 845 2
770 845 5
885 845 2
1000 845 
-------------------------------------------------
80 960 
195 960 4
310 960 1
425 960 4
540 960 1
655 960 1
770 960 3
885 960 1
1000 960 
-------------------------------------------------
80 1075 
195 1075 2
310 1075 2
425 1075 3
540 1075 5
655 1075 4
770 1075 3
885 1075 2
1000 1075 
-------------------------------------------------
80 1190 
195 1190 3
310 1190 2
425 1190 3
540 1190 6
655 1190 2
770 1190 2
885 1190 4
1000 1190 
-------------------------------------------------
80 1305 4
195 1305 3
310 1305 4
425 1305 1
540 1305 5
655 1305 3
770 1305 1
885 1305 2
1000 1305 4
-------------------------------------------------
80 1420 
195 1420 1
310 1420 4
425 1420 7
540 1420 4
655 1420 8
770 1420 5
885 1420 1
1000 1420 
-------------------------------------------------
80 1535 
195 1535 2
310 1535 5
425 1535 5
540 1535 1
655 1535 3
770 1535 5
885 1535 3
1000 1535 
-------------------------------------------------
80 1650 
195 1650 1
310 1650 1
425 1650 4
540 1650 4
655 1650 5
770 1650 2
885 1650 4
1000 1650 
-------------------------------------------------
80 1765 
195 1765 1
310 1765 4
425 1765 3
540 1765 1
655 1765 3
770 1765 2
885 1765 9
1000 1765 
-------------------------------------------------
