195 960 1
310 960 2
425 960 3
540 960 4
655 960 5
770 960 3
885 960 5
-------------------------------------------------
195 1075 5
310 1075 5
425 1075 2
540 1075 2
655 1075 4
770 1075 5
885 1075 5
-------------------------------------------------
195 1190 3
310 1190 4
425 1190 2
540 1190 5
655 1190 6
770 1190 4
885 1190 2
-------------------------------------------------
195 1305 5
310 1305 1
425 1305 4
540 1305 5
655 1305 4
770 1305 3
885 1305 3
-------------------------------------------------
195 1420 5
310 1420 4
425 1420 3
540 1420 2
655 1420 2
770 1420 3
885 1420 4
-------------------------------------------------
195 1535 1
310 1535 7
425 1535 4
540 1535 1
655 1535 6
770 1535 5
885 1535 5
-------------------------------------------------
195 1650 2
310 1650 1
425 1650 1
540 1650 3
655 1650 2
770 1650 2
885 1650 4
-------------------------------------------------
