80 844 1
195 844 2
310 844 1
425 844 1
540 844 3
655 844 1
770 844 2
885 844 4
1000 844 2
-------------------------------------------------
80 959 2
195 959 4
310 959 5
425 959 2
540 959 3
655 959 2
770 959 1
885 959 4
1000 959 2
-------------------------------------------------
80 1074 4
195 1074 2
310 1074 6
425 1074 7
540 1074 8
655 1074 8
770 1074 9
885 1074 1
1000 1074 4
-------------------------------------------------
80 1189 2
195 1189 4
310 1189 7
425 1189 9
540 1189 9
655 1189 10
770 1189 6
885 1189 3
1000 1189 1
-------------------------------------------------
80 1304 5
195 1304 3
310 1304 8
425 1304 7
540 1304 8
655 1304 11
770 1304 10
885 1304 1
1000 1304 2
-------------------------------------------------
80 1419 2
195 1419 5
310 1419 7
425 1419 6
540 1419 9
655 1419 6
770 1419 7
885 1419 4
1000 1419 3
-------------------------------------------------
80 1534 3
195 1534 1
310 1534 7
425 1534 10
540 1534 7
655 1534 10
770 1534 9
885 1534 3
1000 1534 5
-------------------------------------------------
80 1649 4
195 1649 3
310 1649 4
425 1649 3
540 1649 3
655 1649 2
770 1649 5
885 1649 1
1000 1649 5
-------------------------------------------------
80 1764 4
195 1764 3
310 1764 2
425 1764 1
540 1764 5
655 1764 3
770 1764 2
885 1764 1
1000 1764 1
-------------------------------------------------
