80 845 1
195 845 2
310 845 3
425 845 3
540 845 4
655 845 1
770 845 4
885 845 5
1000 845 2
-------------------------------------------------
80 960 6
195 960 6
310 960 7
425 960 8
540 960 9
655 960 6
770 960 3
885 960 6
1000 960 6
-------------------------------------------------
80 1075 5
195 1075 2
310 1075 4
425 1075 2
540 1075 4
655 1075 1
770 1075 4
885 1075 3
1000 1075 2
-------------------------------------------------
80 1190 3
195 1190 1
310 1190 3
425 1190 2
540 1190 1
655 1190 3
770 1190 2
885 1190 5
1000 1190 1
-------------------------------------------------
80 1305 2
195 1305 3
310 1305 2
425 1305 4
540 1305 3
655 1305 2
770 1305 3
885 1305 6
1000 1305 3
-------------------------------------------------
80 1420 3
195 1420 4
310 1420 6
425 1420 2
540 1420 1
655 1420 4
770 1420 2
885 1420 4
1000 1420 6
-------------------------------------------------
80 1535 4
195 1535 5
310 1535 3
425 1535 6
540 1535 6
655 1535 4
770 1535 2
885 1535 5
1000 1535 5
-------------------------------------------------
80 1650 3
195 1650 4
310 1650 6
425 1650 4
540 1650 3
655 1650 5
770 1650 4
885 1650 6
1000 1650 4
-------------------------------------------------
80 1765 3
195 1765 2
310 1765 2
425 1765 6
540 1765 1
655 1765 2
770 1765 3
885 1765 10
1000 1765 1
-------------------------------------------------
