80 844 1
195 844 2
310 844 3
425 844 2
540 844 
655 844 3
770 844 2
885 844 2
1000 844 4
-------------------------------------------------
80 958 5
195 958 6
310 958 7
425 958 8
540 958 5
655 958 5
770 958 7
885 958 9
1000 958 2
-------------------------------------------------
80 1072 10
195 1072 11
310 1072 9
425 1072 11
540 1072 3
655 1072 6
770 1072 9
885 1072 11
1000 1072 2
-------------------------------------------------
80 1186 10
195 1186 8
310 1186 10
425 1186 8
540 1186 10
655 1186 12
770 1186 6
885 1186 8
1000 1186 5
-------------------------------------------------
80 1300 
195 1300 2
310 1300 5
425 1300 2
540 1300 2
655 1300 10
770 1300 3
885 1300 5
1000 1300 
-------------------------------------------------
80 1414 5
195 1414 2
310 1414 8
425 1414 10
540 1414 13
655 1414 9
770 1414 9
885 1414 8
1000 1414 3
-------------------------------------------------
80 1528 2
195 1528 8
310 1528 14
425 1528 12
540 1528 2
655 1528 15
770 1528 12
885 1528 8
1000 1528 3
-------------------------------------------------
80 1642 10
195 1642 10
310 1642 8
425 1642 10
540 1642 5
655 1642 3
770 1642 9
885 1642 11
1000 1642 10
-------------------------------------------------
80 1756 4
195 1756 10
310 1756 2
425 1756 10
540 1756 
655 1756 2
770 1756 3
885 1756 5
1000 1756 1
-------------------------------------------------
