195 845 1
310 845 2
425 845 3
540 845 3
655 845 1
770 845 4
885 845 1
-------------------------------------------------
195 960 1
310 960 1
425 960 5
540 960 5
655 960 4
770 960 1
885 960 5
-------------------------------------------------
195 1075 3
310 1075 2
425 1075 4
540 1075 4
655 1075 3
770 1075 2
885 1075 3
-------------------------------------------------
195 1190 4
310 1190 1
425 1190 6
540 1190 2
655 1190 2
770 1190 4
885 1190 3
-------------------------------------------------
195 1305 2
310 1305 7
425 1305 8
540 1305 9
655 1305 10
770 1305 8
885 1305 4
-------------------------------------------------
195 1420 4
310 1420 1
425 1420 8
540 1420 2
655 1420 9
770 1420 10
885 1420 2
-------------------------------------------------
195 1535 3
310 1535 5
425 1535 2
540 1535 4
655 1535 3
770 1535 4
885 1535 4
-------------------------------------------------
195 1650 2
310 1650 3
425 1650 11
540 1650 2
655 1650 4
770 1650 2
885 1650 5
-------------------------------------------------
195 1765 2
310 1765 1
425 1765 2
540 1765 5
655 1765 3
770 1765 2
885 1765 2
-------------------------------------------------
