80 849 
195 849 
310 849 
425 849 
540 849 1
655 849 
770 849 
885 849 
1000 849 
-------------------------------------------------
80 963 
195 963 
310 963 2
425 963 
540 963 3
655 963 
770 963 3
885 963 
1000 963 
-------------------------------------------------
80 1077 1
195 1077 
310 1077 2
425 1077 
540 1077 3
655 1077 
770 1077 2
885 1077 
1000 1077 4
-------------------------------------------------
80 1191 1
195 1191 
310 1191 1
425 1191 
540 1191 5
655 1191 
770 1191 6
885 1191 
1000 1191 7
-------------------------------------------------
80 1305 7
195 1305 8
310 1305 4
425 1305 2
540 1305 6
655 1305 7
770 1305 1
885 1305 8
1000 1305 5
-------------------------------------------------
80 1419 3
195 1419 4
310 1419 7
425 1419 3
540 1419 4
655 1419 3
770 1419 4
885 1419 3
1000 1419 8
-------------------------------------------------
80 1533 3
195 1533 9
310 1533 3
425 1533 4
540 1533 1
655 1533 3
770 1533 2
885 1533 5
1000 1533 7
-------------------------------------------------
80 1647 7
195 1647 2
310 1647 7
425 1647 10
540 1647 4
655 1647 4
770 1647 1
885 1647 4
1000 1647 7
-------------------------------------------------
80 1761 
195 1761 4
310 1761 3
425 1761 6
540 1761 
655 1761 7
770 1761 1
885 1761 7
1000 1761 
-------------------------------------------------
