80 960 
195 960 1
310 960 2
425 960 3
540 960 3
655 960 2
770 960 4
885 960 3
1000 960 
-------------------------------------------------
80 1074 
195 1074 2
310 1074 3
425 1074 4
540 1074 5
655 1074 3
770 1074 4
885 1074 3
1000 1074 
-------------------------------------------------
80 1188 
195 1188 4
310 1188 6
425 1188 1
540 1188 3
655 1188 4
770 1188 5
885 1188 4
1000 1188 
-------------------------------------------------
80 1302 4
195 1302 3
310 1302 6
425 1302 2
540 1302 3
655 1302 2
770 1302 3
885 1302 4
1000 1302 3
-------------------------------------------------
80 1416 
195 1416 2
310 1416 1
425 1416 2
540 1416 1
655 1416 3
770 1416 6
885 1416 2
1000 1416 
-------------------------------------------------
80 1530 
195 1530 6
310 1530 5
425 1530 1
540 1530 7
655 1530 5
770 1530 3
885 1530 4
1000 1530 
-------------------------------------------------
80 1644 
195 1644 5
310 1644 2
425 1644 4
540 1644 3
655 1644 8
770 1644 1
885 1644 2
1000 1644 
-------------------------------------------------
