80 845 1
195 845 2
310 845 3
425 845 2
540 845 
655 845 4
770 845 5
885 845 3
1000 845 6
-------------------------------------------------
80 959 4
195 959 7
310 959 8
425 959 5
540 959 4
655 959 2
770 959 9
885 959 10
1000 959 5
-------------------------------------------------
80 1073 11
195 1073 7
310 1073 8
425 1073 9
540 1073 4
655 1073 10
770 1073 12
885 1073 7
1000 1073 5
-------------------------------------------------
80 1187 11
195 1187 11
310 1187 9
425 1187 12
540 1187 13
655 1187 12
770 1187 8
885 1187 5
1000 1187 4
-------------------------------------------------
80 1301 
195 1301 3
310 1301 2
425 1301 13
540 1301 12
655 1301 13
770 1301 2
885 1301 3
1000 1301 
-------------------------------------------------
80 1415 5
195 1415 3
310 1415 8
425 1415 7
540 1415 13
655 1415 12
770 1415 12
885 1415 5
1000 1415 2
-------------------------------------------------
80 1529 5
195 1529 9
310 1529 7
425 1529 12
540 1529 5
655 1529 14
770 1529 7
885 1529 9
1000 1529 2
-------------------------------------------------
80 1643 11
195 1643 9
310 1643 7
425 1643 3
540 1643 4
655 1643 2
770 1643 12
885 1643 10
1000 1643 11
-------------------------------------------------
80 1757 6
195 1757 11
310 1757 5
425 1757 11
540 1757 
655 1757 5
770 1757 2
885 1757 4
1000 1757 1
-------------------------------------------------
