195 845 1
310 845 1
425 845 2
540 845 1
655 845 3
770 845 3
885 845 1
-------------------------------------------------
195 960 2
310 960 2
425 960 1
540 960 2
655 960 1
770 960 2
885 960 4
-------------------------------------------------
195 1075 3
310 1075 4
425 1075 5
540 1075 4
655 1075 4
770 1075 3
885 1075 2
-------------------------------------------------
195 1190 6
310 1190 2
425 1190 6
540 1190 2
655 1190 6
770 1190 4
885 1190 6
-------------------------------------------------
195 1305 4
310 1305 2
425 1305 7
540 1305 3
655 1305 2
770 1305 8
885 1305 1
-------------------------------------------------
195 1420 2
310 1420 1
425 1420 7
540 1420 2
655 1420 4
770 1420 3
885 1420 1
-------------------------------------------------
195 1535 4
310 1535 9
425 1535 2
540 1535 2
655 1535 10
770 1535 1
885 1535 3
-------------------------------------------------
195 1650 2
310 1650 3
425 1650 4
540 1650 6
655 1650 2
770 1650 4
885 1650 3
-------------------------------------------------
195 1765 2
310 1765 1
425 1765 6
540 1765 3
655 1765 1
770 1765 6
885 1765 2
-------------------------------------------------
