80 844 
195 844 
310 844 
425 844 
540 844 1
655 844 
770 844 
885 844 
1000 844 
-------------------------------------------------
80 959 
195 959 
310 959 2
425 959 
540 959 3
655 959 
770 959 4
885 959 
1000 959 
-------------------------------------------------
80 1074 4
195 1074 
310 1074 3
425 1074 
540 1074 4
655 1074 
770 1074 1
885 1074 
1000 1074 3
-------------------------------------------------
80 1189 4
195 1189 
310 1189 2
425 1189 
540 1189 5
655 1189 
770 1189 6
885 1189 
1000 1189 7
-------------------------------------------------
80 1304 7
195 1304 6
310 1304 3
425 1304 2
540 1304 7
655 1304 8
770 1304 1
885 1304 6
1000 1304 9
-------------------------------------------------
80 1419 1
195 1419 3
310 1419 7
425 1419 2
540 1419 7
655 1419 2
770 1419 3
885 1419 1
1000 1419 6
-------------------------------------------------
80 1534 1
195 1534 5
310 1534 1
425 1534 4
540 1534 3
655 1534 1
770 1534 2
885 1534 9
1000 1534 7
-------------------------------------------------
80 1649 7
195 1649 2
310 1649 7
425 1649 10
540 1649 1
655 1649 3
770 1649 4
885 1649 3
1000 1649 7
-------------------------------------------------
80 1764 
195 1764 3
310 1764 1
425 1764 11
540 1764 
655 1764 7
770 1764 4
885 1764 7
1000 1764 
-------------------------------------------------
