80 845 1
195 845 2
310 845 3
425 845 4
540 845 
655 845 5
770 845 2
885 845 6
1000 845 3
-------------------------------------------------
80 959 5
195 959 6
310 959 6
425 959 2
540 959 6
655 959 5
770 959 6
885 959 6
1000 959 5
-------------------------------------------------
80 1073 2
195 1073 7
310 1073 2
425 1073 2
540 1073 5
655 1073 6
770 1073 3
885 1073 2
1000 1073 1
-------------------------------------------------
80 1187 6
195 1187 1
310 1187 1
425 1187 3
540 1187 5
655 1187 1
770 1187 1
885 1187 2
1000 1187 6
-------------------------------------------------
80 1301 
195 1301 1
310 1301 6
425 1301 5
540 1301 3
655 1301 3
770 1301 6
885 1301 3
1000 1301 
-------------------------------------------------
80 1415 1
195 1415 3
310 1415 2
425 1415 1
540 1415 5
655 1415 2
770 1415 5
885 1415 1
1000 1415 5
-------------------------------------------------
80 1529 6
195 1529 5
310 1529 1
425 1529 2
540 1529 5
655 1529 8
770 1529 9
885 1529 6
1000 1529 3
-------------------------------------------------
80 1643 2
195 1643 6
310 1643 2
425 1643 1
540 1643 4
655 1643 3
770 1643 5
885 1643 6
1000 1643 1
-------------------------------------------------
80 1757 1
195 1757 5
310 1757 6
425 1757 5
540 1757 
655 1757 5
770 1757 2
885 1757 1
1000 1757 2
-------------------------------------------------
