195 845 1
310 845 2
425 845 3
540 845 4
655 845 5
770 845 3
885 845 2
-------------------------------------------------
195 960 5
310 960 1
425 960 1
540 960 3
655 960 4
770 960 2
885 960 5
-------------------------------------------------
195 1075 4
310 1075 3
425 1075 4
540 1075 4
655 1075 3
770 1075 4
885 1075 2
-------------------------------------------------
195 1190 3
310 1190 6
425 1190 6
540 1190 6
655 1190 6
770 1190 6
885 1190 1
-------------------------------------------------
195 1305 2
310 1305 6
425 1305 6
540 1305 6
655 1305 6
770 1305 6
885 1305 1
-------------------------------------------------
195 1420 5
310 1420 6
425 1420 6
540 1420 6
655 1420 6
770 1420 6
885 1420 2
-------------------------------------------------
195 1535 2
310 1535 5
425 1535 3
540 1535 7
655 1535 3
770 1535 3
885 1535 5
-------------------------------------------------
195 1650 4
310 1650 2
425 1650 2
540 1650 5
655 1650 3
770 1650 4
885 1650 4
-------------------------------------------------
195 1765 3
310 1765 3
425 1765 4
540 1765 3
655 1765 1
770 1765 4
885 1765 5
-------------------------------------------------
