80 959 
195 959 1
310 959 2
425 959 3
540 959 2
655 959 1
770 959 4
885 959 2
1000 959 
-------------------------------------------------
80 1074 
195 1074 2
310 1074 2
425 1074 5
540 1074 4
655 1074 1
770 1074 2
885 1074 4
1000 1074 
-------------------------------------------------
80 1189 
195 1189 3
310 1189 4
425 1189 5
540 1189 2
655 1189 5
770 1189 1
885 1189 4
1000 1189 
-------------------------------------------------
80 1304 3
195 1304 4
310 1304 6
425 1304 3
540 1304 4
655 1304 4
770 1304 3
885 1304 3
1000 1304 4
-------------------------------------------------
80 1419 
195 1419 2
310 1419 6
425 1419 2
540 1419 1
655 1419 5
770 1419 5
885 1419 2
1000 1419 
-------------------------------------------------
80 1534 
195 1534 6
310 1534 5
425 1534 3
540 1534 7
655 1534 5
770 1534 6
885 1534 3
1000 1534 
-------------------------------------------------
80 1649 
195 1649 5
310 1649 3
425 1649 1
540 1649 4
655 1649 8
770 1649 1
885 1649 2
1000 1649 
-------------------------------------------------
