195 849 1
310 849 2
425 849 2
540 849 1
655 849 1
770 849 3
885 849 1
-------------------------------------------------
195 963 1
310 963 1
425 963 3
540 963 4
655 963 4
770 963 5
885 963 4
-------------------------------------------------
195 1077 3
310 1077 2
425 1077 4
540 1077 3
655 1077 1
770 1077 1
885 1077 3
-------------------------------------------------
195 1191 5
310 1191 1
425 1191 6
540 1191 4
655 1191 3
770 1191 5
885 1191 3
-------------------------------------------------
195 1305 2
310 1305 7
425 1305 8
540 1305 9
655 1305 10
770 1305 8
885 1305 5
-------------------------------------------------
195 1419 5
310 1419 1
425 1419 8
540 1419 2
655 1419 9
770 1419 10
885 1419 2
-------------------------------------------------
195 1533 3
310 1533 4
425 1533 2
540 1533 5
655 1533 3
770 1533 5
885 1533 5
-------------------------------------------------
195 1647 2
310 1647 3
425 1647 11
540 1647 2
655 1647 5
770 1647 2
885 1647 4
-------------------------------------------------
195 1761 2
310 1761 1
425 1761 2
540 1761 4
655 1761 3
770 1761 2
885 1761 2
-------------------------------------------------
