80 845 1
195 845 2
310 845 3
425 845 3
540 845 
655 845 4
770 845 5
885 845 2
1000 845 6
-------------------------------------------------
80 960 4
195 960 7
310 960 5
425 960 7
540 960 2
655 960 5
770 960 8
885 960 9
1000 960 2
-------------------------------------------------
80 1075 7
195 1075 10
310 1075 9
425 1075 4
540 1075 5
655 1075 11
770 1075 9
885 1075 10
1000 1075 2
-------------------------------------------------
80 1190 7
195 1190 3
310 1190 7
425 1190 3
540 1190 7
655 1190 12
770 1190 11
885 1190 3
1000 1190 4
-------------------------------------------------
80 1305 
195 1305 2
310 1305 4
425 1305 2
540 1305 2
655 1305 7
770 1305 5
885 1305 4
1000 1305 
-------------------------------------------------
80 1420 4
195 1420 2
310 1420 3
425 1420 7
540 1420 13
655 1420 9
770 1420 9
885 1420 3
1000 1420 5
-------------------------------------------------
80 1535 2
195 1535 3
310 1535 14
425 1535 12
540 1535 2
655 1535 15
770 1535 12
885 1535 3
1000 1535 5
-------------------------------------------------
80 1650 7
195 1650 7
310 1650 3
425 1650 7
540 1650 4
655 1650 5
770 1650 9
885 1650 10
1000 1650 7
-------------------------------------------------
80 1765 6
195 1765 7
310 1765 2
425 1765 7
540 1765 
655 1765 2
770 1765 5
885 1765 4
1000 1765 1
-------------------------------------------------
