80 845 1
195 845 2
310 845 3
425 845 4
540 845 
655 845 2
770 845 3
885 845 3
1000 845 5
-------------------------------------------------
80 959 6
195 959 7
310 959 8
425 959 6
540 959 3
655 959 6
770 959 9
885 959 8
1000 959 3
-------------------------------------------------
80 1073 10
195 1073 11
310 1073 8
425 1073 11
540 1073 6
655 1073 12
770 1073 8
885 1073 7
1000 1073 3
-------------------------------------------------
80 1187 10
195 1187 3
310 1187 6
425 1187 3
540 1187 4
655 1187 7
770 1187 12
885 1187 4
1000 1187 6
-------------------------------------------------
80 1301 
195 1301 4
310 1301 4
425 1301 10
540 1301 6
655 1301 10
770 1301 2
885 1301 6
1000 1301 
-------------------------------------------------
80 1415 6
195 1415 3
310 1415 4
425 1415 4
540 1415 6
655 1415 8
770 1415 8
885 1415 4
1000 1415 2
-------------------------------------------------
80 1529 3
195 1529 4
310 1529 13
425 1529 11
540 1529 3
655 1529 14
770 1529 11
885 1529 4
1000 1529 2
-------------------------------------------------
80 1643 10
195 1643 10
310 1643 4
425 1643 10
540 1643 6
655 1643 2
770 1643 8
885 1643 7
1000 1643 10
-------------------------------------------------
80 1757 5
195 1757 10
310 1757 3
425 1757 10
540 1757 
655 1757 3
770 1757 2
885 1757 6
1000 1757 1
-------------------------------------------------
