80 845 1
195 845 2
310 845 3
425 845 2
540 845 3
655 845 2
770 845 4
885 845 1
1000 845 2
-------------------------------------------------
80 959 3
195 959 2
310 959 3
425 959 5
540 959 5
655 959 1
770 959 5
885 959 5
1000 959 1
-------------------------------------------------
80 1073 1
195 1073 3
310 1073 1
425 1073 4
540 1073 3
655 1073 2
770 1073 4
885 1073 3
1000 1073 3
-------------------------------------------------
80 1187 1
195 1187 5
310 1187 1
425 1187 4
540 1187 2
655 1187 5
770 1187 5
885 1187 4
1000 1187 5
-------------------------------------------------
80 1301 3
195 1301 2
310 1301 6
425 1301 7
540 1301 6
655 1301 3
770 1301 8
885 1301 1
1000 1301 5
-------------------------------------------------
80 1415 5
195 1415 3
310 1415 7
425 1415 9
540 1415 10
655 1415 9
770 1415 7
885 1415 4
1000 1415 2
-------------------------------------------------
80 1529 2
195 1529 1
310 1529 7
425 1529 8
540 1529 7
655 1529 8
770 1529 10
885 1529 2
1000 1529 3
-------------------------------------------------
80 1643 4
195 1643 2
310 1643 4
425 1643 2
540 1643 2
655 1643 5
770 1643 3
885 1643 1
1000 1643 3
-------------------------------------------------
80 1757 4
195 1757 2
310 1757 5
425 1757 1
540 1757 3
655 1757 2
770 1757 5
885 1757 1
1000 1757 1
-------------------------------------------------
