80 845 
195 845 
310 845 
425 845 
540 845 1
655 845 
770 845 
885 845 
1000 845 
-------------------------------------------------
80 960 
195 960 
310 960 1
425 960 
540 960 2
655 960 
770 960 2
885 960 
1000 960 
-------------------------------------------------
80 1075 3
195 1075 
310 1075 2
425 1075 
540 1075 4
655 1075 
770 1075 5
885 1075 
1000 1075 1
-------------------------------------------------
80 1190 3
195 1190 
310 1190 6
425 1190 
540 1190 7
655 1190 
770 1190 7
885 1190 
1000 1190 8
-------------------------------------------------
80 1305 8
195 1305 9
310 1305 7
425 1305 2
540 1305 9
655 1305 5
770 1305 3
885 1305 9
1000 1305 10
-------------------------------------------------
80 1420 2
195 1420 1
310 1420 5
425 1420 3
540 1420 3
655 1420 1
770 1420 1
885 1420 2
1000 1420 9
-------------------------------------------------
80 1535 2
195 1535 4
310 1535 1
425 1535 8
540 1535 3
655 1535 5
770 1535 5
885 1535 10
1000 1535 8
-------------------------------------------------
80 1650 8
195 1650 5
310 1650 8
425 1650 8
540 1650 1
655 1650 5
770 1650 3
885 1650 1
1000 1650 8
-------------------------------------------------
80 1765 
195 1765 1
310 1765 2
425 1765 7
540 1765 
655 1765 8
770 1765 3
885 1765 8
1000 1765 
-------------------------------------------------
