80 844 1
195 844 2
310 844 1
425 844 2
540 844 
655 844 3
770 844 4
885 844 1
1000 844 2
-------------------------------------------------
80 958 4
195 958 4
310 958 3
425 958 1
540 958 1
655 958 3
770 958 4
885 958 5
1000 958 2
-------------------------------------------------
80 1072 3
195 1072 6
310 1072 7
425 1072 3
540 1072 1
655 1072 8
770 1072 9
885 1072 7
1000 1072 3
-------------------------------------------------
80 1186 1
195 1186 1
310 1186 2
425 1186 5
540 1186 2
655 1186 6
770 1186 9
885 1186 2
1000 1186 2
-------------------------------------------------
80 1300 
195 1300 1
310 1300 5
425 1300 4
540 1300 5
655 1300 3
770 1300 2
885 1300 2
1000 1300 
-------------------------------------------------
80 1414 3
195 1414 4
310 1414 5
425 1414 3
540 1414 10
655 1414 9
770 1414 6
885 1414 4
1000 1414 2
-------------------------------------------------
80 1528 1
195 1528 1
310 1528 3
425 1528 9
540 1528 1
655 1528 9
770 1528 9
885 1528 3
1000 1528 2
-------------------------------------------------
80 1642 4
195 1642 3
310 1642 11
425 1642 3
540 1642 4
655 1642 12
770 1642 7
885 1642 7
1000 1642 4
-------------------------------------------------
80 1756 3
195 1756 5
310 1756 3
425 1756 5
540 1756 
655 1756 2
770 1756 5
885 1756 4
1000 1756 3
-------------------------------------------------
