195 845 1
310 845 2
425 845 2
540 845 3
655 845 4
770 845 1
885 845 2
-------------------------------------------------
195 959 2
310 959 3
425 959 4
540 959 1
655 959 5
770 959 2
885 959 2
-------------------------------------------------
195 1073 4
310 1073 3
425 1073 5
540 1073 2
655 1073 4
770 1073 4
885 1073 1
-------------------------------------------------
195 1187 5
310 1187 2
425 1187 5
540 1187 3
655 1187 2
770 1187 2
885 1187 4
-------------------------------------------------
195 1301 3
310 1301 6
425 1301 7
540 1301 8
655 1301 6
770 1301 9
885 1301 4
-------------------------------------------------
195 1415 5
310 1415 2
425 1415 9
540 1415 1
655 1415 8
770 1415 10
885 1415 5
-------------------------------------------------
195 1529 4
310 1529 1
425 1529 5
540 1529 3
655 1529 11
770 1529 2
885 1529 3
-------------------------------------------------
195 1643 3
310 1643 4
425 1643 4
540 1643 12
655 1643 4
770 1643 5
885 1643 1
-------------------------------------------------
195 1757 3
310 1757 2
425 1757 4
540 1757 1
655 1757 4
770 1757 4
885 1757 3
-------------------------------------------------
