80 960 
195 960 1
310 960 1
425 960 2
540 960 
655 960 3
770 960 1
885 960 4
1000 960 
-------------------------------------------------
80 1075 
195 1075 5
310 1075 3
425 1075 2
540 1075 3
655 1075 4
770 1075 5
885 1075 3
1000 1075 
-------------------------------------------------
80 1190 
195 1190 3
310 1190 4
425 1190 5
540 1190 2
655 1190 5
770 1190 5
885 1190 1
1000 1190 
-------------------------------------------------
80 1305 3
195 1305 2
310 1305 2
425 1305 5
540 1305 3
655 1305 4
770 1305 3
885 1305 1
1000 1305 3
-------------------------------------------------
80 1420 
195 1420 2
310 1420 4
425 1420 3
540 1420 6
655 1420 5
770 1420 4
885 1420 5
1000 1420 
-------------------------------------------------
80 1535 
195 1535 5
310 1535 3
425 1535 2
540 1535 7
655 1535 3
770 1535 2
885 1535 3
1000 1535 
-------------------------------------------------
80 1650 
195 1650 3
310 1650 2
425 1650 4
540 1650 
655 1650 5
770 1650 3
885 1650 1
1000 1650 
-------------------------------------------------
