225 875 1
346 875 2
467 875 3
588 875 3
709 875 1
830 875 4
951 875 4
-------------------------------------------------
225 996 5
346 996 4
467 996 3
588 996 4
709 996 1
830 996 3
951 996 5
-------------------------------------------------
225 1117 4
346 1117 5
467 1117 4
588 1117 3
709 1117 5
830 1117 4
951 1117 4
-------------------------------------------------
225 1238 3
346 1238 4
467 1238 1
588 1238 5
709 1238 3
830 1238 5
951 1238 3
-------------------------------------------------
225 1359 1
346 1359 5
467 1359 4
588 1359 3
709 1359 1
830 1359 1
951 1359 5
-------------------------------------------------
225 1480 4
346 1480 6
467 1480 1
588 1480 1
709 1480 5
830 1480 4
951 1480 7
-------------------------------------------------
225 1601 3
346 1601 4
467 1601 3
588 1601 4
709 1601 5
830 1601 1
951 1601 1
-------------------------------------------------
