346 754 1
467 754 1
588 754 2
709 754 3
830 754 1
-------------------------------------------------
346 875 3
467 875 1
588 875 3
709 875 3
830 875 4
-------------------------------------------------
346 996 1
467 996 3
588 996 1
709 996 2
830 996 3
-------------------------------------------------
346 1117 4
467 1117 4
588 1117 3
709 1117 2
830 1117 4
-------------------------------------------------
346 1238 1
467 1238 2
588 1238 2
709 1238 4
830 1238 4
-------------------------------------------------
346 1359 3
467 1359 4
588 1359 1
709 1359 2
830 1359 3
-------------------------------------------------
346 1480 3
467 1480 1
588 1480 3
709 1480 1
830 1480 4
-------------------------------------------------
346 1601 1
467 1601 2
588 1601 2
709 1601 1
830 1601 4
-------------------------------------------------
346 1722 5
467 1722 2
588 1722 5
709 1722 5
830 1722 5
-------------------------------------------------
