224 874 1
345 874 2
466 874 2
587 874 3
708 874 1
829 874 3
950 874 3
-------------------------------------------------
224 995 4
345 995 4
466 995 2
587 995 4
708 995 1
829 995 4
950 995 5
-------------------------------------------------
224 1116 5
345 1116 4
466 1116 4
587 1116 5
708 1116 5
829 1116 4
950 1116 5
-------------------------------------------------
224 1237 2
345 1237 2
466 1237 4
587 1237 2
708 1237 1
829 1237 3
950 1237 2
-------------------------------------------------
224 1358 1
345 1358 3
466 1358 2
587 1358 3
708 1358 4
829 1358 3
950 1358 3
-------------------------------------------------
224 1479 4
345 1479 4
466 1479 1
587 1479 4
708 1479 4
829 1479 5
950 1479 3
-------------------------------------------------
224 1600 1
345 1600 4
466 1600 5
587 1600 5
708 1600 2
829 1600 5
950 1600 5
-------------------------------------------------
