224 874 1
345 874 1
466 874 2
587 874 1
708 874 3
829 874 2
950 874 4
-------------------------------------------------
224 995 3
345 995 5
466 995 1
587 995 3
708 995 1
829 995 6
950 995 4
-------------------------------------------------
224 1116 3
345 1116 4
466 1116 3
587 1116 4
708 1116 4
829 1116 3
950 1116 2
-------------------------------------------------
224 1237 1
345 1237 7
466 1237 3
587 1237 1
708 1237 4
829 1237 8
950 1237 1
-------------------------------------------------
224 1358 4
345 1358 3
466 1358 2
587 1358 3
708 1358 2
829 1358 1
950 1358 3
-------------------------------------------------
224 1479 3
345 1479 5
466 1479 2
587 1479 1
708 1479 2
829 1479 6
950 1479 1
-------------------------------------------------
224 1600 3
345 1600 2
466 1600 3
587 1600 4
708 1600 3
829 1600 4
950 1600 2
-------------------------------------------------
