225 875 1
346 875 1
467 875 2
588 875 3
709 875 2
830 875 1
951 875 3
-------------------------------------------------
225 996 2
346 996 1
467 996 4
588 996 1
709 996 3
830 996 2
951 996 1
-------------------------------------------------
225 1117 4
346 1117 4
467 1117 1
588 1117 4
709 1117 1
830 1117 1
951 1117 3
-------------------------------------------------
225 1238 3
346 1238 2
467 1238 2
588 1238 3
709 1238 3
830 1238 4
951 1238 1
-------------------------------------------------
225 1359 1
346 1359 3
467 1359 1
588 1359 4
709 1359 4
830 1359 2
951 1359 4
-------------------------------------------------
225 1480 3
346 1480 4
467 1480 1
588 1480 3
709 1480 2
830 1480 3
951 1480 3
-------------------------------------------------
225 1601 4
346 1601 3
467 1601 4
588 1601 4
709 1601 1
830 1601 1
951 1601 3
-------------------------------------------------
