103 754 
224 754 1
345 754 2
466 754 3
587 754 1
708 754 4
829 754 1
950 754 1
1071 754 
-------------------------------------------------
103 875 4
224 875 4
345 875 1
466 875 4
587 875 4
708 875 1
829 875 3
950 875 4
1071 875 2
-------------------------------------------------
103 996 3
224 996 2
345 996 3
466 996 4
587 996 3
708 996 4
829 996 3
950 996 1
1071 996 2
-------------------------------------------------
103 1117 1
224 1117 1
345 1117 2
466 1117 1
587 1117 1
708 1117 2
829 1117 1
950 1117 3
1071 1117 4
-------------------------------------------------
103 1238 3
224 1238 2
345 1238 2
466 1238 3
587 1238 2
708 1238 4
829 1238 4
950 1238 3
1071 1238 4
-------------------------------------------------
103 1359 3
224 1359 1
345 1359 3
466 1359 4
587 1359 4
708 1359 2
829 1359 1
950 1359 1
1071 1359 3
-------------------------------------------------
103 1480 5
224 1480 6
345 1480 4
466 1480 7
587 1480 4
708 1480 3
829 1480 1
950 1480 4
1071 1480 6
-------------------------------------------------
103 1601 3
224 1601 4
345 1601 1
466 1601 4
587 1601 2
708 1601 4
829 1601 8
950 1601 1
1071 1601 3
-------------------------------------------------
103 1722 
224 1722 6
345 1722 2
466 1722 5
587 1722 6
708 1722 5
829 1722 9
950 1722 6
1071 1722 
-------------------------------------------------
