346 753 1
467 753 2
588 753 3
709 753 3
830 753 2
-------------------------------------------------
346 874 2
467 874 1
588 874 3
709 874 4
830 874 4
-------------------------------------------------
346 995 2
467 995 4
588 995 1
709 995 4
830 995 3
-------------------------------------------------
346 1116 5
467 1116 3
588 1116 2
709 1116 3
830 1116 2
-------------------------------------------------
346 1237 6
467 1237 1
588 1237 4
709 1237 1
830 1237 2
-------------------------------------------------
346 1358 6
467 1358 6
588 1358 6
709 1358 1
830 1358 5
-------------------------------------------------
346 1479 6
467 1479 6
588 1479 6
709 1479 6
830 1479 6
-------------------------------------------------
346 1600 6
467 1600 6
588 1600 6
709 1600 6
830 1600 6
-------------------------------------------------
346 1721 6
467 1721 6
588 1721 6
709 1721 6
830 1721 6
-------------------------------------------------
