225 875 1
346 875 1
467 875 2
588 875 1
709 875 3
830 875 2
951 875 2
-------------------------------------------------
225 996 3
346 996 2
467 996 2
588 996 4
709 996 1
830 996 4
951 996 4
-------------------------------------------------
225 1117 2
346 1117 4
467 1117 1
588 1117 2
709 1117 4
830 1117 3
951 1117 2
-------------------------------------------------
225 1238 1
346 1238 5
467 1238 4
588 1238 6
709 1238 1
830 1238 3
951 1238 1
-------------------------------------------------
225 1359 3
346 1359 4
467 1359 2
588 1359 3
709 1359 2
830 1359 2
951 1359 4
-------------------------------------------------
225 1480 3
346 1480 7
467 1480 3
588 1480 2
709 1480 4
830 1480 2
951 1480 8
-------------------------------------------------
225 1601 2
346 1601 3
467 1601 1
588 1601 1
709 1601 4
830 1601 3
951 1601 3
-------------------------------------------------
