225 754 1
346 754 1
467 754 2
588 754 2
709 754 1
830 754 2
951 754 2
-------------------------------------------------
225 875 3
346 875 2
467 875 3
588 875 4
709 875 5
830 875 3
951 875 1
-------------------------------------------------
225 996 2
346 996 4
467 996 2
588 996 1
709 996 1
830 996 6
951 996 2
-------------------------------------------------
225 1117 3
346 1117 5
467 1117 1
588 1117 3
709 1117 3
830 1117 2
951 1117 2
-------------------------------------------------
225 1238 7
346 1238 2
467 1238 3
588 1238 7
709 1238 5
830 1238 1
951 1238 8
-------------------------------------------------
225 1359 3
346 1359 2
467 1359 1
588 1359 5
709 1359 3
830 1359 5
951 1359 2
-------------------------------------------------
225 1480 2
346 1480 4
467 1480 5
588 1480 1
709 1480 3
830 1480 7
951 1480 2
-------------------------------------------------
225 1601 5
346 1601 5
467 1601 1
588 1601 6
709 1601 2
830 1601 1
951 1601 5
-------------------------------------------------
225 1722 3
346 1722 1
467 1722 1
588 1722 3
709 1722 3
830 1722 5
951 1722 2
-------------------------------------------------
