103 753 1
224 753 2
345 753 3
466 753 2
587 753 1
708 753 3
829 753 4
950 753 2
1071 753 1
-------------------------------------------------
103 874 5
224 874 2
345 874 3
466 874 6
587 874 6
708 874 1
829 874 1
950 874 2
1071 874 2
-------------------------------------------------
103 995 5
224 995 5
345 995 2
466 995 2
587 995 1
708 995 1
829 995 3
950 995 3
1071 995 6
-------------------------------------------------
103 1116 5
224 1116 5
345 1116 1
466 1116 3
587 1116 1
708 1116 3
829 1116 1
950 1116 1
1071 1116 6
-------------------------------------------------
103 1237 5
224 1237 5
345 1237 5
466 1237 6
587 1237 6
708 1237 2
829 1237 3
950 1237 2
1071 1237 2
-------------------------------------------------
103 1358 5
224 1358 5
345 1358 5
466 1358 5
587 1358 6
708 1358 5
829 1358 1
950 1358 3
1071 1358 6
-------------------------------------------------
103 1479 5
224 1479 5
345 1479 5
466 1479 7
587 1479 5
708 1479 5
829 1479 5
950 1479 1
1071 1479 2
-------------------------------------------------
103 1600 5
224 1600 5
345 1600 5
466 1600 5
587 1600 5
708 1600 5
829 1600 5
950 1600 6
1071 1600 6
-------------------------------------------------
103 1721 5
224 1721 5
345 1721 5
466 1721 5
587 1721 5
708 1721 5
829 1721 5
950 1721 5
1071 1721 2
-------------------------------------------------
