224 875 1
345 875 2
466 875 3
587 875 1
708 875 3
829 875 2
950 875 1
-------------------------------------------------
224 996 2
345 996 3
466 996 2
587 996 1
708 996 4
829 996 3
950 996 3
-------------------------------------------------
224 1117 1
345 1117 2
466 1117 3
587 1117 2
708 1117 1
829 1117 4
950 1117 1
-------------------------------------------------
224 1238 3
345 1238 5
466 1238 3
587 1238 6
708 1238 1
829 1238 1
950 1238 4
-------------------------------------------------
224 1359 3
345 1359 1
466 1359 1
587 1359 3
708 1359 2
829 1359 2
950 1359 1
-------------------------------------------------
224 1480 1
345 1480 7
466 1480 3
587 1480 2
708 1480 4
829 1480 2
950 1480 1
-------------------------------------------------
224 1601 1
345 1601 3
466 1601 1
587 1601 1
708 1601 4
829 1601 3
950 1601 3
-------------------------------------------------
