225 753 1
346 753 2
467 753 3
588 753 3
709 753 2
830 753 1
951 753 1
-------------------------------------------------
225 874 1
346 874 1
467 874 2
588 874 4
709 874 1
830 874 5
951 874 1
-------------------------------------------------
225 995 2
346 995 5
467 995 1
588 995 5
709 995 3
830 995 2
951 995 3
-------------------------------------------------
225 1116 2
346 1116 3
467 1116 5
588 1116 2
709 1116 1
830 1116 6
951 1116 5
-------------------------------------------------
225 1237 5
346 1237 2
467 1237 2
588 1237 1
709 1237 3
830 1237 2
951 1237 7
-------------------------------------------------
225 1358 1
346 1358 3
467 1358 1
588 1358 3
709 1358 2
830 1358 5
951 1358 3
-------------------------------------------------
225 1479 1
346 1479 1
467 1479 5
588 1479 2
709 1479 8
830 1479 9
951 1479 3
-------------------------------------------------
225 1600 3
346 1600 3
467 1600 2
588 1600 1
709 1600 1
830 1600 5
951 1600 2
-------------------------------------------------
225 1721 1
346 1721 3
467 1721 5
588 1721 1
709 1721 5
830 1721 2
951 1721 3
-------------------------------------------------
