346 754 1
467 754 1
588 754 2
709 754 2
830 754 1
-------------------------------------------------
346 875 1
467 875 3
588 875 1
709 875 3
830 875 3
-------------------------------------------------
346 996 2
467 996 4
588 996 2
709 996 4
830 996 1
-------------------------------------------------
346 1117 1
467 1117 4
588 1117 4
709 1117 3
830 1117 1
-------------------------------------------------
346 1238 2
467 1238 1
588 1238 4
709 1238 3
830 1238 2
-------------------------------------------------
346 1359 4
467 1359 3
588 1359 1
709 1359 1
830 1359 4
-------------------------------------------------
346 1480 4
467 1480 1
588 1480 3
709 1480 4
830 1480 1
-------------------------------------------------
346 1601 2
467 1601 3
588 1601 2
709 1601 2
830 1601 1
-------------------------------------------------
346 1722 5
467 1722 3
588 1722 4
709 1722 5
830 1722 5
-------------------------------------------------
