103 753 1
224 753 2
345 753 2
466 753 1
587 753 
708 753 3
829 753 4
950 753 3
1071 753 3
-------------------------------------------------
103 874 4
224 874 4
345 874 5
466 874 4
587 874 5
708 874 3
829 874 5
950 874 3
1071 874 1
-------------------------------------------------
103 995 6
224 995 4
345 995 2
466 995 2
587 995 3
708 995 4
829 995 3
950 995 4
1071 995 4
-------------------------------------------------
103 1116 6
224 1116 2
345 1116 5
466 1116 3
587 1116 7
708 1116 5
829 1116 4
950 1116 4
1071 1116 6
-------------------------------------------------
103 1237 6
224 1237 6
345 1237 2
466 1237 3
587 1237 3
708 1237 2
829 1237 1
950 1237 6
1071 1237 6
-------------------------------------------------
103 1358 3
224 1358 6
345 1358 6
466 1358 4
587 1358 6
708 1358 4
829 1358 4
950 1358 6
1071 1358 3
-------------------------------------------------
103 1479 1
224 1479 3
345 1479 6
466 1479 6
587 1479 6
708 1479 2
829 1479 3
950 1479 3
1071 1479 1
-------------------------------------------------
103 1600 4
224 1600 1
345 1600 3
466 1600 6
587 1600 6
708 1600 6
829 1600 3
950 1600 1
1071 1600 4
-------------------------------------------------
103 1721 
224 1721 4
345 1721 1
466 1721 3
587 1721 6
708 1721 3
829 1721 1
950 1721 4
1071 1721 
-------------------------------------------------
