103 753 1
224 753 2
345 753 3
466 753 2
587 753 1
708 753 4
829 753 1
950 753 4
1071 753 4
-------------------------------------------------
103 874 5
224 874 2
345 874 3
466 874 4
587 874 1
708 874 1
829 874 3
950 874 1
1071 874 2
-------------------------------------------------
103 995 5
224 995 5
345 995 2
466 995 2
587 995 4
708 995 1
829 995 2
950 995 1
1071 995 4
-------------------------------------------------
103 1116 5
224 1116 5
345 1116 1
466 1116 3
587 1116 6
708 1116 4
829 1116 1
950 1116 7
1071 1116 2
-------------------------------------------------
103 1237 5
224 1237 5
345 1237 5
466 1237 4
587 1237 4
708 1237 2
829 1237 2
950 1237 4
1071 1237 4
-------------------------------------------------
103 1358 5
224 1358 5
345 1358 5
466 1358 5
587 1358 8
708 1358 5
829 1358 1
950 1358 1
1071 1358 4
-------------------------------------------------
103 1479 5
224 1479 5
345 1479 5
466 1479 5
587 1479 5
708 1479 5
829 1479 5
950 1479 1
1071 1479 2
-------------------------------------------------
103 1600 5
224 1600 5
345 1600 5
466 1600 5
587 1600 5
708 1600 5
829 1600 5
950 1600 4
1071 1600 4
-------------------------------------------------
103 1721 5
224 1721 5
345 1721 5
466 1721 5
587 1721 5
708 1721 5
829 1721 5
950 1721 5
1071 1721 2
-------------------------------------------------
