104 752 
225 752 1
346 752 2
467 752 3
588 752 3
709 752 1
830 752 2
951 752 2
1072 752 
-------------------------------------------------
104 873 1
225 873 3
346 873 4
467 873 3
588 873 1
709 873 1
830 873 4
951 873 4
1072 873 2
-------------------------------------------------
104 994 4
225 994 3
346 994 3
467 994 4
588 994 1
709 994 4
830 994 3
951 994 1
1072 994 1
-------------------------------------------------
104 1115 4
225 1115 1
346 1115 1
467 1115 3
588 1115 2
709 1115 1
830 1115 1
951 1115 4
1072 1115 1
-------------------------------------------------
104 1236 3
225 1236 2
346 1236 2
467 1236 4
588 1236 1
709 1236 2
830 1236 2
951 1236 1
1072 1236 4
-------------------------------------------------
104 1357 2
225 1357 2
346 1357 1
467 1357 3
588 1357 2
709 1357 1
830 1357 1
951 1357 4
1072 1357 4
-------------------------------------------------
104 1478 5
225 1478 6
346 1478 5
467 1478 6
588 1478 7
709 1478 7
830 1478 6
951 1478 5
1072 1478 6
-------------------------------------------------
104 1599 8
225 1599 5
346 1599 8
467 1599 7
588 1599 6
709 1599 8
830 1599 7
951 1599 6
1072 1599 6
-------------------------------------------------
104 1720 
225 1720 6
346 1720 8
467 1720 5
588 1720 6
709 1720 5
830 1720 8
951 1720 6
1072 1720 
-------------------------------------------------
