346 753 1
467 753 2
588 753 1
709 753 3
830 753 1
-------------------------------------------------
346 874 2
467 874 3
588 874 2
709 874 2
830 874 4
-------------------------------------------------
346 995 1
467 995 3
588 995 2
709 995 3
830 995 3
-------------------------------------------------
346 1116 5
467 1116 4
588 1116 3
709 1116 3
830 1116 4
-------------------------------------------------
346 1237 6
467 1237 2
588 1237 2
709 1237 1
830 1237 6
-------------------------------------------------
346 1358 6
467 1358 6
588 1358 6
709 1358 6
830 1358 6
-------------------------------------------------
346 1479 6
467 1479 6
588 1479 6
709 1479 6
830 1479 6
-------------------------------------------------
346 1600 6
467 1600 6
588 1600 6
709 1600 6
830 1600 6
-------------------------------------------------
346 1721 6
467 1721 6
588 1721 6
709 1721 6
830 1721 6
-------------------------------------------------
