103 754 1
224 754 2
345 754 3
466 754 3
587 754 
708 754 2
829 754 4
950 754 2
1071 754 1
-------------------------------------------------
103 875 2
224 875 5
345 875 6
466 875 2
587 875 4
708 875 6
829 875 1
950 875 2
1071 875 2
-------------------------------------------------
103 996 5
224 996 5
345 996 3
466 996 6
587 996 6
708 996 3
829 996 6
950 996 6
1071 996 5
-------------------------------------------------
103 1117 5
224 1117 5
345 1117 2
466 1117 4
587 1117 1
708 1117 4
829 1117 2
950 1117 5
1071 1117 5
-------------------------------------------------
103 1238 5
224 1238 5
345 1238 5
466 1238 3
587 1238 6
708 1238 2
829 1238 6
950 1238 5
1071 1238 5
-------------------------------------------------
103 1359 6
224 1359 5
345 1359 5
466 1359 5
587 1359 5
708 1359 3
829 1359 5
950 1359 5
1071 1359 6
-------------------------------------------------
103 1480 1
224 1480 6
345 1480 5
466 1480 5
587 1480 5
708 1480 5
829 1480 4
950 1480 6
1071 1480 1
-------------------------------------------------
103 1601 2
224 1601 1
345 1601 6
466 1601 5
587 1601 5
708 1601 5
829 1601 6
950 1601 1
1071 1601 2
-------------------------------------------------
103 1722 
224 1722 2
345 1722 1
466 1722 6
587 1722 5
708 1722 6
829 1722 1
950 1722 2
1071 1722 
-------------------------------------------------
