225 874 1
346 874 2
467 874 1
588 874 2
709 874 3
830 874 1
951 874 3
-------------------------------------------------
225 995 2
346 995 4
467 995 5
588 995 2
709 995 3
830 995 6
951 995 4
-------------------------------------------------
225 1116 4
346 1116 3
467 1116 2
588 1116 3
709 1116 2
830 1116 4
951 1116 2
-------------------------------------------------
225 1237 2
346 1237 7
467 1237 4
588 1237 2
709 1237 3
830 1237 8
951 1237 3
-------------------------------------------------
225 1358 3
346 1358 4
467 1358 1
588 1358 4
709 1358 3
830 1358 4
951 1358 3
-------------------------------------------------
225 1479 4
346 1479 9
467 1479 1
588 1479 2
709 1479 1
830 1479 1
951 1479 4
-------------------------------------------------
225 1600 4
346 1600 1
467 1600 4
588 1600 3
709 1600 4
830 1600 3
951 1600 1
-------------------------------------------------
