225 875 1
346 875 2
467 875 3
588 875 4
709 875 5
830 875 4
951 875 2
-------------------------------------------------
225 996 1
346 996 4
467 996 4
588 996 2
709 996 1
830 996 4
951 996 2
-------------------------------------------------
225 1117 5
346 1117 5
467 1117 2
588 1117 5
709 1117 5
830 1117 2
951 1117 5
-------------------------------------------------
225 1238 2
346 1238 4
467 1238 4
588 1238 2
709 1238 1
830 1238 4
951 1238 2
-------------------------------------------------
225 1359 4
346 1359 6
467 1359 3
588 1359 2
709 1359 4
830 1359 2
951 1359 4
-------------------------------------------------
225 1480 1
346 1480 4
467 1480 1
588 1480 3
709 1480 3
830 1480 4
951 1480 1
-------------------------------------------------
225 1601 3
346 1601 1
467 1601 5
588 1601 5
709 1601 1
830 1601 1
951 1601 3
-------------------------------------------------
