103 753 1
224 753 2
345 753 3
466 753 1
587 753 
708 753 1
829 753 4
950 753 4
1071 753 1
-------------------------------------------------
103 874 3
224 874 3
345 874 1
466 874 5
587 874 2
708 874 1
829 874 1
950 874 2
1071 874 5
-------------------------------------------------
103 995 6
224 995 1
345 995 5
466 995 3
587 995 3
708 995 4
829 995 3
950 995 5
1071 995 1
-------------------------------------------------
103 1116 6
224 1116 3
345 1116 3
466 1116 2
587 1116 5
708 1116 3
829 1116 2
950 1116 5
1071 1116 3
-------------------------------------------------
103 1237 6
224 1237 2
345 1237 5
466 1237 3
587 1237 1
708 1237 4
829 1237 1
950 1237 3
1071 1237 6
-------------------------------------------------
103 1358 5
224 1358 6
345 1358 7
466 1358 4
587 1358 2
708 1358 3
829 1358 3
950 1358 6
1071 1358 5
-------------------------------------------------
103 1479 1
224 1479 5
345 1479 6
466 1479 8
587 1479 6
708 1479 4
829 1479 5
950 1479 5
1071 1479 1
-------------------------------------------------
103 1600 3
224 1600 1
345 1600 5
466 1600 6
587 1600 6
708 1600 6
829 1600 5
950 1600 1
1071 1600 3
-------------------------------------------------
103 1721 
224 1721 3
345 1721 1
466 1721 5
587 1721 6
708 1721 5
829 1721 1
950 1721 3
1071 1721 
-------------------------------------------------
