104 753 1
225 753 2
346 753 3
467 753 2
588 753 
709 753 1
830 753 1
951 753 4
1072 753 2
-------------------------------------------------
104 874 2
225 874 5
346 874 5
467 874 3
588 874 5
709 874 4
830 874 3
951 874 5
1072 874 2
-------------------------------------------------
104 995 4
225 995 1
346 995 2
467 995 1
588 995 1
709 995 3
830 995 2
951 995 3
1072 995 6
-------------------------------------------------
104 1116 3
225 1116 2
346 1116 5
467 1116 5
588 1116 2
709 1116 5
830 1116 2
951 1116 5
1072 1116 2
-------------------------------------------------
104 1237 2
225 1237 4
346 1237 3
467 1237 4
588 1237 5
709 1237 1
830 1237 4
951 1237 3
1072 1237 1
-------------------------------------------------
104 1358 2
225 1358 1
346 1358 4
467 1358 1
588 1358 1
709 1358 3
830 1358 4
951 1358 5
1072 1358 4
-------------------------------------------------
104 1479 4
225 1479 4
346 1479 2
467 1479 3
588 1479 2
709 1479 4
830 1479 2
951 1479 1
1072 1479 2
-------------------------------------------------
104 1600 3
225 1600 4
346 1600 1
467 1600 2
588 1600 2
709 1600 4
830 1600 1
951 1600 4
1072 1600 3
-------------------------------------------------
104 1721 
225 1721 3
346 1721 4
467 1721 1
588 1721 7
709 1721 1
830 1721 4
951 1721 3
1072 1721 
-------------------------------------------------
