103 753 1
224 753 2
345 753 3
466 753 2
587 753 2
708 753 4
829 753 5
950 753 3
1071 753 3
-------------------------------------------------
103 874 1
224 874 1
345 874 4
466 874 4
587 874 2
708 874 5
829 874 3
950 874 3
1071 874 2
-------------------------------------------------
103 995 1
224 995 1
345 995 1
466 995 2
587 995 4
708 995 5
829 995 3
950 995 5
1071 995 3
-------------------------------------------------
103 1116 1
224 1116 1
345 1116 1
466 1116 1
587 1116 5
708 1116 3
829 1116 4
950 1116 4
1071 1116 5
-------------------------------------------------
103 1237 1
224 1237 1
345 1237 1
466 1237 1
587 1237 1
708 1237 3
829 1237 3
950 1237 2
1071 1237 3
-------------------------------------------------
103 1358 1
224 1358 1
345 1358 1
466 1358 1
587 1358 1
708 1358 1
829 1358 4
950 1358 5
1071 1358 4
-------------------------------------------------
103 1479 1
224 1479 1
345 1479 1
466 1479 1
587 1479 1
708 1479 1
829 1479 1
950 1479 5
1071 1479 5
-------------------------------------------------
103 1600 1
224 1600 1
345 1600 1
466 1600 1
587 1600 1
708 1600 1
829 1600 1
950 1600 1
1071 1600 5
-------------------------------------------------
103 1721 1
224 1721 1
345 1721 1
466 1721 1
587 1721 1
708 1721 1
829 1721 1
950 1721 1
1071 1721 1
-------------------------------------------------
