104 753 
225 753 1
346 753 2
467 753 1
588 753 3
709 753 4
830 753 2
951 753 2
1072 753 
-------------------------------------------------
104 874 1
225 874 2
346 874 1
467 874 4
588 874 1
709 874 1
830 874 3
951 874 4
1072 874 3
-------------------------------------------------
104 995 4
225 995 2
346 995 1
467 995 3
588 995 3
709 995 1
830 995 3
951 995 1
1072 995 3
-------------------------------------------------
104 1116 4
225 1116 1
346 1116 2
467 1116 1
588 1116 5
709 1116 2
830 1116 1
951 1116 1
1072 1116 4
-------------------------------------------------
104 1237 1
225 1237 3
346 1237 1
467 1237 3
588 1237 2
709 1237 1
830 1237 6
951 1237 3
1072 1237 2
-------------------------------------------------
104 1358 2
225 1358 2
346 1358 4
467 1358 2
588 1358 3
709 1358 2
830 1358 1
951 1358 1
1072 1358 2
-------------------------------------------------
104 1479 2
225 1479 7
346 1479 1
467 1479 1
588 1479 4
709 1479 3
830 1479 3
951 1479 2
1072 1479 3
-------------------------------------------------
104 1600 1
225 1600 5
346 1600 7
467 1600 1
588 1600 4
709 1600 1
830 1600 2
951 1600 8
1072 1600 1
-------------------------------------------------
104 1721 
225 1721 9
346 1721 4
467 1721 2
588 1721 9
709 1721 2
830 1721 10
951 1721 9
1072 1721 
-------------------------------------------------
