104 753 
225 753 1
346 753 2
467 753 1
588 753 3
709 753 4
830 753 3
951 753 2
1072 753 
-------------------------------------------------
104 874 1
225 874 4
346 874 1
467 874 3
588 874 1
709 874 2
830 874 1
951 874 2
1072 874 4
-------------------------------------------------
104 995 2
225 995 3
346 995 1
467 995 2
588 995 3
709 995 1
830 995 3
951 995 4
1072 995 1
-------------------------------------------------
104 1116 5
225 1116 2
346 1116 3
467 1116 4
588 1116 2
709 1116 4
830 1116 3
951 1116 2
1072 1116 3
-------------------------------------------------
104 1237 4
225 1237 2
346 1237 1
467 1237 3
588 1237 3
709 1237 1
830 1237 1
951 1237 4
1072 1237 4
-------------------------------------------------
104 1358 1
225 1358 3
346 1358 1
467 1358 2
588 1358 2
709 1358 4
830 1358 4
951 1358 3
1072 1358 4
-------------------------------------------------
104 1479 1
225 1479 4
346 1479 2
467 1479 4
588 1479 1
709 1479 3
830 1479 4
951 1479 4
1072 1479 3
-------------------------------------------------
104 1600 4
225 1600 2
346 1600 2
467 1600 3
588 1600 2
709 1600 3
830 1600 2
951 1600 1
1072 1600 1
-------------------------------------------------
