103 753 1
224 753 2
345 753 3
466 753 4
587 753 
708 753 1
829 753 2
950 753 4
1071 753 4
-------------------------------------------------
103 874 2
224 874 5
345 874 4
466 874 3
587 874 2
708 874 3
829 874 6
950 874 4
1071 874 1
-------------------------------------------------
103 995 5
224 995 5
345 995 3
466 995 2
587 995 6
708 995 7
829 995 1
950 995 2
1071 995 2
-------------------------------------------------
103 1116 5
224 1116 5
345 1116 2
466 1116 6
587 1116 1
708 1116 6
829 1116 2
950 1116 2
1071 1116 5
-------------------------------------------------
103 1237 5
224 1237 5
345 1237 5
466 1237 3
587 1237 4
708 1237 2
829 1237 4
950 1237 5
1071 1237 5
-------------------------------------------------
103 1358 4
224 1358 5
345 1358 5
466 1358 5
587 1358 5
708 1358 3
829 1358 5
950 1358 5
1071 1358 4
-------------------------------------------------
103 1479 1
224 1479 4
345 1479 5
466 1479 5
587 1479 5
708 1479 5
829 1479 6
950 1479 4
1071 1479 1
-------------------------------------------------
103 1600 2
224 1600 1
345 1600 4
466 1600 5
587 1600 5
708 1600 5
829 1600 4
950 1600 1
1071 1600 2
-------------------------------------------------
103 1721 
224 1721 2
345 1721 1
466 1721 4
587 1721 5
708 1721 4
829 1721 1
950 1721 2
1071 1721 
-------------------------------------------------
