103 753 
224 753 1
345 753 2
466 753 1
587 753 3
708 753 4
829 753 5
950 753 4
1071 753 
-------------------------------------------------
103 874 6
224 874 1
345 874 1
466 874 4
587 874 5
708 874 1
829 874 4
950 874 2
1071 874 6
-------------------------------------------------
103 995 4
224 995 5
345 995 5
466 995 4
587 995 5
708 995 5
829 995 4
950 995 1
1071 995 2
-------------------------------------------------
103 1116 7
224 1116 1
345 1116 4
466 1116 5
587 1116 2
708 1116 5
829 1116 5
950 1116 4
1071 1116 4
-------------------------------------------------
103 1237 4
224 1237 1
345 1237 2
466 1237 1
587 1237 8
708 1237 4
829 1237 1
950 1237 5
1071 1237 4
-------------------------------------------------
103 1358 9
224 1358 5
345 1358 8
466 1358 4
587 1358 2
708 1358 2
829 1358 10
950 1358 1
1071 1358 8
-------------------------------------------------
103 1479 4
224 1479 2
345 1479 4
466 1479 2
587 1479 4
708 1479 2
829 1479 4
950 1479 1
1071 1479 4
-------------------------------------------------
103 1600 8
224 1600 1
345 1600 7
466 1600 2
587 1600 1
708 1600 5
829 1600 8
950 1600 2
1071 1600 7
-------------------------------------------------
