103 754 1
224 754 2
345 754 2
466 754 1
587 754 
708 754 1
829 754 2
950 754 2
1071 754 1
-------------------------------------------------
103 875 2
224 875 3
345 875 3
466 875 2
587 875 1
708 875 2
829 875 3
950 875 3
1071 875 2
-------------------------------------------------
103 996 3
224 996 3
345 996 3
466 996 3
587 996 2
708 996 3
829 996 3
950 996 3
1071 996 3
-------------------------------------------------
103 1117 3
224 1117 3
345 1117 3
466 1117 3
587 1117 3
708 1117 3
829 1117 3
950 1117 3
1071 1117 3
-------------------------------------------------
103 1238 3
224 1238 3
345 1238 3
466 1238 3
587 1238 3
708 1238 3
829 1238 3
950 1238 3
1071 1238 3
-------------------------------------------------
103 1359 4
224 1359 3
345 1359 3
466 1359 3
587 1359 3
708 1359 3
829 1359 3
950 1359 3
1071 1359 4
-------------------------------------------------
103 1480 1
224 1480 4
345 1480 3
466 1480 3
587 1480 3
708 1480 3
829 1480 3
950 1480 4
1071 1480 1
-------------------------------------------------
103 1601 2
224 1601 1
345 1601 4
466 1601 3
587 1601 3
708 1601 3
829 1601 4
950 1601 1
1071 1601 2
-------------------------------------------------
103 1722 
224 1722 2
345 1722 1
466 1722 4
587 1722 3
708 1722 4
829 1722 1
950 1722 2
1071 1722 
-------------------------------------------------
