103 753 
224 753 1
345 753 2
466 753 3
587 753 1
708 753 4
829 753 3
950 753 2
1071 753 
-------------------------------------------------
103 874 5
224 874 2
345 874 3
466 874 1
587 874 3
708 874 1
829 874 4
950 874 3
1071 874 5
-------------------------------------------------
103 995 3
224 995 4
345 995 1
466 995 2
587 995 4
708 995 2
829 995 1
950 995 2
1071 995 4
-------------------------------------------------
103 1116 6
224 1116 2
345 1116 5
466 1116 4
587 1116 3
708 1116 2
829 1116 2
950 1116 4
1071 1116 5
-------------------------------------------------
103 1237 3
224 1237 1
345 1237 1
466 1237 3
587 1237 7
708 1237 4
829 1237 3
950 1237 1
1071 1237 3
-------------------------------------------------
103 1358 8
224 1358 1
345 1358 7
466 1358 4
587 1358 3
708 1358 2
829 1358 6
950 1358 1
1071 1358 7
-------------------------------------------------
103 1479 3
224 1479 4
345 1479 3
466 1479 4
587 1479 2
708 1479 4
829 1479 3
950 1479 4
1071 1479 4
-------------------------------------------------
103 1600 7
224 1600 2
345 1600 6
466 1600 3
587 1600 3
708 1600 4
829 1600 7
950 1600 1
1071 1600 6
-------------------------------------------------
