225 875 1
346 875 2
467 875 1
588 875 3
709 875 4
830 875 1
951 875 1
-------------------------------------------------
225 996 1
346 996 4
467 996 5
588 996 2
709 996 5
830 996 4
951 996 1
-------------------------------------------------
225 1117 3
346 1117 3
467 1117 2
588 1117 3
709 1117 2
830 1117 5
951 1117 3
-------------------------------------------------
225 1238 1
346 1238 4
467 1238 4
588 1238 5
709 1238 4
830 1238 1
951 1238 1
-------------------------------------------------
225 1359 5
346 1359 1
467 1359 4
588 1359 3
709 1359 4
830 1359 5
951 1359 1
-------------------------------------------------
225 1480 4
346 1480 5
467 1480 2
588 1480 5
709 1480 2
830 1480 1
951 1480 4
-------------------------------------------------
225 1601 2
346 1601 4
467 1601 3
588 1601 5
709 1601 3
830 1601 4
951 1601 2
-------------------------------------------------
