227 875 1
348 875 2
469 875 1
590 875 3
711 875 1
832 875 2
953 875 1
-------------------------------------------------
227 996 1
348 996 1
469 996 4
590 996 5
711 996 4
832 996 1
953 996 1
-------------------------------------------------
227 1117 3
348 1117 4
469 1117 5
590 1117 3
711 1117 5
832 1117 4
953 1117 3
-------------------------------------------------
227 1238 1
348 1238 1
469 1238 2
590 1238 4
711 1238 2
832 1238 1
953 1238 1
-------------------------------------------------
227 1359 1
348 1359 4
469 1359 2
590 1359 3
711 1359 2
832 1359 4
953 1359 1
-------------------------------------------------
227 1480 2
348 1480 1
469 1480 5
590 1480 4
711 1480 5
832 1480 1
953 1480 2
-------------------------------------------------
227 1601 5
348 1601 2
469 1601 3
590 1601 4
711 1601 3
832 1601 2
953 1601 5
-------------------------------------------------
