346 753 1
467 753 1
588 753 2
709 753 3
830 753 3
-------------------------------------------------
346 874 1
467 874 2
588 874 3
709 874 2
830 874 3
-------------------------------------------------
346 995 4
467 995 4
588 995 4
709 995 4
830 995 4
-------------------------------------------------
346 1116 4
467 1116 4
588 1116 4
709 1116 4
830 1116 4
-------------------------------------------------
346 1237 4
467 1237 4
588 1237 4
709 1237 4
830 1237 4
-------------------------------------------------
346 1358 4
467 1358 4
588 1358 4
709 1358 4
830 1358 4
-------------------------------------------------
346 1479 4
467 1479 4
588 1479 4
709 1479 4
830 1479 4
-------------------------------------------------
346 1600 4
467 1600 4
588 1600 4
709 1600 4
830 1600 4
-------------------------------------------------
346 1721 4
467 1721 4
588 1721 4
709 1721 4
830 1721 4
-------------------------------------------------
