103 753 
224 753 1
345 753 2
466 753 1
587 753 1
708 753 3
829 753 1
950 753 3
1071 753 
-------------------------------------------------
103 874 4
224 874 1
345 874 4
466 874 4
587 874 1
708 874 4
829 874 2
950 874 4
1071 874 3
-------------------------------------------------
103 995 2
224 995 3
345 995 4
466 995 2
587 995 2
708 995 3
829 995 2
950 995 4
1071 995 1
-------------------------------------------------
103 1116 4
224 1116 2
345 1116 2
466 1116 1
587 1116 1
708 1116 3
829 1116 5
950 1116 1
1071 1116 1
-------------------------------------------------
103 1237 4
224 1237 1
345 1237 2
466 1237 2
587 1237 3
708 1237 2
829 1237 3
950 1237 1
1071 1237 4
-------------------------------------------------
103 1358 2
224 1358 3
345 1358 1
466 1358 4
587 1358 3
708 1358 1
829 1358 3
950 1358 4
1071 1358 4
-------------------------------------------------
103 1479 6
224 1479 7
345 1479 2
466 1479 1
587 1479 1
708 1479 3
829 1479 2
950 1479 6
1071 1479 7
-------------------------------------------------
103 1600 8
224 1600 6
345 1600 4
466 1600 3
587 1600 2
708 1600 4
829 1600 3
950 1600 7
1071 1600 7
-------------------------------------------------
103 1721 
224 1721 7
345 1721 8
466 1721 6
587 1721 7
708 1721 6
829 1721 8
950 1721 7
1071 1721 
-------------------------------------------------
