103 753 1
224 753 2
345 753 2
466 753 3
587 753 4
708 753 1
829 753 4
950 753 4
1071 753 3
-------------------------------------------------
103 874 4
224 874 3
345 874 3
466 874 4
587 874 2
708 874 5
829 874 4
950 874 1
1071 874 1
-------------------------------------------------
103 995 2
224 995 6
345 995 4
466 995 3
587 995 4
708 995 2
829 995 1
950 995 3
1071 995 4
-------------------------------------------------
103 1116 3
224 1116 7
345 1116 1
466 1116 4
587 1116 3
708 1116 1
829 1116 3
950 1116 8
1071 1116 4
-------------------------------------------------
103 1237 2
224 1237 3
345 1237 2
466 1237 3
587 1237 2
708 1237 3
829 1237 4
950 1237 1
1071 1237 2
-------------------------------------------------
103 1358 9
224 1358 9
345 1358 4
466 1358 1
587 1358 1
708 1358 10
829 1358 2
950 1358 3
1071 1358 4
-------------------------------------------------
103 1479 9
224 1479 9
345 1479 9
466 1479 11
587 1479 1
708 1479 8
829 1479 12
950 1479 4
1071 1479 2
-------------------------------------------------
103 1600 9
224 1600 9
345 1600 9
466 1600 9
587 1600 2
708 1600 9
829 1600 9
950 1600 1
1071 1600 1
-------------------------------------------------
103 1721 9
224 1721 9
345 1721 9
466 1721 9
587 1721 3
708 1721 9
829 1721 9
950 1721 9
1071 1721 2
-------------------------------------------------
